#! FIELDS nm external.bias der_nm
#! SET min_nm 0
#! SET max_nm 1
#! SET nbins_nm  501
#! SET periodic_nm false
    0.000000000   -0.016674030  -28.519902974
    0.002000000   -0.010340579    7.258769575
    0.004000000   -0.020212966    1.267329695
    0.006000000   -0.017406836   -2.876314100
    0.008000000   -0.012828590   -1.048736179
    0.010000000   -0.014161829    2.275841490
    0.012000000   -0.020729632    3.894578172
    0.014000000   -0.028223795    3.290045405
    0.016000000   -0.033090599    1.492748150
    0.018000000   -0.034271697   -0.207201387
    0.020000000   -0.032887871   -0.990909691
    0.022000000   -0.031044704   -0.686292476
    0.024000000   -0.030662842    0.391652365
    0.026000000   -0.032774811    1.716405044
    0.028000000   -0.037360512    2.795807858
    0.030000000   -0.043583886    3.321969168
    0.032000000   -0.050223258    3.217156660
    0.034000000   -0.056108418    2.600217926
    0.036000000   -0.060440921    1.709482971
    0.038000000   -0.062945278    0.815674868
    0.040000000   -0.063857003    0.148930448
    0.042000000   -0.063790393   -0.147259607
    0.044000000   -0.063544160   -0.032351482
    0.046000000   -0.063901092    0.440441012
    0.048000000   -0.065464927    1.150649254
    0.050000000   -0.068559790    1.945088075
    0.052000000   -0.073199649    2.672100649
    0.054000000   -0.079120603    3.209343195
    0.056000000   -0.085859119    3.481567137
    0.058000000   -0.092854780    3.467370087
    0.060000000   -0.099556204    3.195919719
    0.062000000   -0.105512290    2.736025565
    0.064000000   -0.110436474    2.180615241
    0.066000000   -0.114237977    1.629743640
    0.068000000   -0.117019926    1.174869552
    0.070000000   -0.119049075    0.886442186
    0.072000000   -0.120705082    0.806013810
    0.074000000   -0.122418937    0.943273449
    0.076000000   -0.124610169    1.277684739
    0.078000000   -0.127631240    1.763874128
    0.080000000   -0.131725515    2.339583003
    0.082000000   -0.137002586    2.934867502
    0.084000000   -0.143432185    3.481278018
    0.086000000   -0.150855508    3.919937326
    0.088000000   -0.159010905    4.207715095
    0.090000000   -0.167569585    4.321020199
    0.092000000   -0.176176366    4.257057921
    0.094000000   -0.184490510    4.032692247
    0.096000000   -0.192222177    3.681289026
    0.098000000   -0.199160986    3.248079219
    0.100000000   -0.205194346    2.784667914
    0.102000000   -0.210314478    2.343327640
    0.104000000   -0.214614314    1.971663514
    0.106000000   -0.218273503    1.708137165
    0.108000000   -0.221536644    1.578802565
    0.110000000   -0.224686369    1.595456736
    0.112000000   -0.228014208    1.755257512
    0.114000000   -0.231792099    2.041722580
    0.116000000   -0.236247101    2.426909172
    0.118000000   -0.241541437    2.874489034
    0.120000000   -0.247759286    3.343382068
    0.122000000   -0.254901115    3.791594492
    0.124000000   -0.262885604    4.179921027
    0.126000000   -0.271558580    4.475210744
    0.128000000   -0.280707851    4.652956587
    0.130000000   -0.290082382    4.699042345
    0.132000000   -0.299414059    4.610560676
    0.134000000   -0.308440142    4.395695091
    0.136000000   -0.316924587    4.072731557
    0.138000000   -0.324676638    3.668326883
    0.140000000   -0.331565342    3.215207868
    0.142000000   -0.337529068    2.749505378
    0.144000000   -0.342579504    2.307940449
    0.146000000   -0.346800067    1.925075906
    0.148000000   -0.350339036    1.630828576
    0.150000000   -0.353398116    1.448406558
    0.152000000   -0.356217408    1.392796304
    0.154000000   -0.359057973    1.469878969
    0.156000000   -0.362183288    1.676208043
    0.158000000   -0.365840913    1.999433998
    0.160000000   -0.370245606    2.419319482
    0.162000000   -0.375564989    2.909252885
    0.164000000   -0.381908639    3.438140626
    0.166000000   -0.389321229    3.972540420
    0.168000000   -0.397780054    4.478889458
    0.170000000   -0.407196992    4.925682751
    0.172000000   -0.417424651    5.285467005
    0.174000000   -0.428266224    5.536533142
    0.176000000   -0.439488350    5.664214371
    0.178000000   -0.450836117    5.661724724
    0.180000000   -0.462049247    5.530503262
    0.182000000   -0.472878482    5.280059903
    0.184000000   -0.483101165    4.927348128
    0.186000000   -0.492535149    4.495716214
    0.188000000   -0.501050239    4.013510694
    0.190000000   -0.508576569    3.512422619
    0.192000000   -0.515109499    3.025678135
    0.194000000   -0.520710827    2.586179723
    0.196000000   -0.525506318    2.224703212
    0.198000000   -0.529679771    1.968248756
    0.200000000   -0.533464012    1.838632122
    0.202000000   -0.537129370    1.851386624
    0.204000000   -0.540970313    2.015026997
    0.206000000   -0.545291000    2.330705622
    0.208000000   -0.550390546    2.792269770
    0.210000000   -0.556548797    3.386707326
    0.212000000   -0.564013355    4.094948620
    0.214000000   -0.572988528    4.892974581
    0.216000000   -0.583626745    5.753167173
    0.218000000   -0.596022853    6.645827477
    0.220000000   -0.610211558    7.540780315
    0.222000000   -0.626168080    8.408981981
    0.224000000   -0.643811972    9.224049492
    0.226000000   -0.663013841    9.963635482
    0.228000000   -0.683604619   10.610582035
    0.230000000   -0.705386868   11.153798793
    0.232000000   -0.728147534   11.588824977
    0.234000000   -0.751671484   11.918050672
    0.236000000   -0.775755139   12.150589209
    0.238000000   -0.800219506   12.301808849
    0.240000000   -0.824921955   12.392547560
    0.242000000   -0.849766135   12.448048815
    0.244000000   -0.874709526   12.496668397
    0.246000000   -0.899768222   12.568411812
    0.248000000   -0.925018682   12.693368664
    0.250000000   -0.950596291   12.900114058
    0.252000000   -0.976690765   13.214147778
    0.254000000   -1.003538518   13.656439571
    0.256000000   -1.031412285   14.242143708
    0.258000000   -1.060608391   14.979538222
    0.260000000   -1.091432155   15.869234439
    0.262000000   -1.124182021   16.903690837
    0.264000000   -1.159133037   18.067052674
    0.266000000   -1.196520343   19.335325523
    0.268000000   -1.236523344   20.676877575
    0.270000000   -1.279251196   22.053252681
    0.272000000   -1.324730210   23.420264271
    0.274000000   -1.372893687   24.729329741
    0.276000000   -1.423574624   25.928996212
    0.278000000   -1.476501619   26.966601849
    0.280000000   -1.531298184   27.790012465
    0.282000000   -1.587485546   28.349371053
    0.284000000   -1.644488923   28.598798093
    0.286000000   -1.701647088   28.497983005
    0.288000000   -1.758224968   28.013611762
    0.290000000   -1.813428891   27.120582161
    0.292000000   -1.866424019   25.802966377
    0.294000000   -1.916353421   24.054689786
    0.296000000   -1.962358210   21.879905255
    0.298000000   -2.003598107   19.293052849
    0.300000000   -2.039271814   16.318605719
    0.302000000   -2.068636573   12.990513444
    0.304000000   -2.091026328    9.351364000
    0.306000000   -2.105867943    5.451294409
    0.308000000   -2.112695041    1.346687802
    0.310000000   -2.111159037   -2.901299253
    0.312000000   -2.101037114   -7.228330703
    0.314000000   -2.082236923  -11.568555067
    0.316000000   -2.054797929  -15.856287370
    0.318000000   -2.018889423  -20.027657484
    0.320000000   -1.974805308  -24.022175830
    0.322000000   -1.922955871  -27.784171330
    0.324000000   -1.863856852  -31.264061820
    0.326000000   -1.798116155  -34.419423515
    0.328000000   -1.726418651  -37.215833468
    0.330000000   -1.649509538  -39.627466810
    0.332000000   -1.568176759  -41.637438797
    0.334000000   -1.483232994  -43.237889933
    0.336000000   -1.395497735  -44.429820448
    0.338000000   -1.305779929  -45.222687931
    0.340000000   -1.214861651  -45.633788730
    0.342000000   -1.123483203  -45.687449625
    0.344000000   -1.032329996  -45.414061113
    0.346000000   -0.942021499  -44.848987266
    0.348000000   -0.853102454  -44.031389565
    0.350000000   -0.766036497  -43.003003154
    0.352000000   -0.681202252  -41.806903874
    0.354000000   -0.598891860  -40.486303013
    0.356000000   -0.519311860  -39.083404272
    0.358000000   -0.442586277  -37.638353941
    0.360000000   -0.368761688  -36.188311008
    0.362000000   -0.297814007  -34.766658932
    0.364000000   -0.229656698  -33.402375398
    0.366000000   -0.164150071  -32.119570623
    0.368000000   -0.101111342  -30.937199036
    0.370000000   -0.040325082  -29.868943437
    0.372000000    0.018446262  -28.923265352
    0.374000000    0.075452099  -28.103610393
    0.376000000    0.130943995  -27.408753061
    0.378000000    0.185166770  -26.833261794
    0.380000000    0.238350637  -26.368062244
    0.382000000    0.290704545  -26.001074769
    0.384000000    0.342410848  -25.717900997
    0.386000000    0.393621374  -25.502534128
    0.388000000    0.444454923  -25.338068211
    0.390000000    0.494996158  -25.207383041
    0.392000000    0.545295823  -25.093783441
    0.394000000    0.595372185  -24.981574355
    0.396000000    0.645213539  -24.856556390
    0.398000000    0.694781622  -24.706429987
    0.400000000    0.744015736  -24.521100141
    0.402000000    0.792837372  -24.292877477
    0.404000000    0.841155137  -24.016575251
    0.406000000    0.888869774  -23.689505515
    0.408000000    0.935879073  -23.311380987
    0.410000000    0.982082505  -22.884132159
    0.412000000    1.027385411  -22.411651634
    0.414000000    1.071702622  -21.899479627
    0.416000000    1.114961401  -21.354445952
    0.418000000    1.157103642  -20.784284571
    0.420000000    1.198087280  -20.197236932
    0.422000000    1.237886910  -19.601659940
    0.424000000    1.276493646  -19.005653401
    0.426000000    1.313914259  -18.416720374
    0.428000000    1.350169676  -17.841471958
    0.430000000    1.385292951  -17.285385873
    0.432000000    1.419326802  -16.752625727
    0.434000000    1.452320860  -16.245925274
    0.436000000    1.484328746  -15.766539315
    0.438000000    1.515405120  -15.314260288
    0.440000000    1.545602825  -14.887497128
    0.442000000    1.574970250  -14.483410713
    0.444000000    1.603549003  -14.098098255
    0.446000000    1.631372010  -13.726817375
    0.448000000    1.658462081  -13.364239391
    0.450000000    1.684831008  -13.004720541
    0.452000000    1.710479210  -12.642579533
    0.454000000    1.735395936  -12.272369889
    0.456000000    1.759559991  -11.889136091
    0.458000000    1.782940954  -11.488643414
    0.460000000    1.805500822  -11.067572655
    0.462000000    1.827195999  -10.623672455
    0.464000000    1.847979545  -10.155863786
    0.466000000    1.867803585   -9.664293062
    0.468000000    1.886621765   -9.150332441
    0.470000000    1.904391662   -8.616527903
    0.472000000    1.921077039   -8.066497725
    0.474000000    1.936649848   -7.504785802
    0.476000000    1.951091905   -6.936675991
    0.478000000    1.964396152   -6.367975012
    0.480000000    1.976567470   -5.804772629
    0.482000000    1.987622993   -5.253188547
    0.484000000    1.997591909   -4.719115969
    0.486000000    2.006514758   -4.207971752
    0.488000000    2.014442240   -3.724462848
    0.490000000    2.021433583   -3.272378023
    0.492000000    2.027554526   -2.854412931
    0.494000000    2.032874989   -2.472035294
    0.496000000    2.037466523   -2.125395510
    0.498000000    2.041399622   -1.813286303
    0.500000000    2.044741014   -1.533153237
    0.502000000    2.047551018   -1.281156088
    0.504000000    2.049881075   -1.052279197
    0.506000000    2.051771544   -0.840487172
    0.508000000    2.053249854   -0.638920674
    0.510000000    2.054329081   -0.440125561
    0.512000000    2.055007009   -0.236307475
    0.514000000    2.055265716   -0.019602997
    0.516000000    2.055071716    0.217642094
    0.518000000    2.054376657    0.482597241
    0.520000000    2.053118551    0.781683935
    0.522000000    2.051223519    1.120334289
    0.524000000    2.048607986    1.502780026
    0.526000000    2.045181263    1.931879526
    0.528000000    2.040848426    2.408989338
    0.530000000    2.035513412    2.933885087
    0.532000000    2.029082214    3.504735056
    0.534000000    2.021466077    4.118127986
    0.536000000    2.012584583    4.769154808
    0.538000000    2.002368524    5.451542238
    0.540000000    1.990762456    6.157834411
    0.542000000    1.977726844    6.879617133
    0.544000000    1.963239726    7.607777880
    0.546000000    1.947297827    8.332793464
    0.548000000    1.929917072    9.045036322
    0.550000000    1.911132486    9.735089721
    0.552000000    1.890997453   10.394061832
    0.554000000    1.869582360   11.013888587
    0.556000000    1.846972662   11.587615508
    0.558000000    1.823266396   12.109649344
    0.560000000    1.798571245   12.575971205
    0.562000000    1.773001211   12.984304057
    0.564000000    1.746673010   13.334228836
    0.566000000    1.719702278   13.627244956
    0.568000000    1.692199731   13.866772730
    0.570000000    1.664267362   14.058096929
    0.572000000    1.635994824   14.208252525
    0.574000000    1.607456084   14.325855390
    0.576000000    1.578706477   14.420882362
    0.578000000    1.549780241   14.504406644
    0.580000000    1.520688618   14.588295765
    0.582000000    1.491418596   14.684880487
    0.584000000    1.461932331   14.806603833
    0.586000000    1.432167279   14.965660021
    0.588000000    1.402037058   15.173633306
    0.590000000    1.371433024   15.441146741
    0.592000000    1.340226522   15.777530525
    0.594000000    1.308271790   16.190519008
    0.596000000    1.275409415   16.685984581
    0.598000000    1.241470291   17.267715572
    0.600000000    1.206279968   17.937244049
    0.602000000    1.169663291   18.693727972
    0.604000000    1.131449216   19.533890657
    0.606000000    1.091475698   20.452018957
    0.608000000    1.049594508   21.440019972
    0.610000000    1.005675895   22.487534614
    0.612000000    0.959612957   23.582104897
    0.614000000    0.911325629   24.709390525
    0.616000000    0.860764197   25.853429191
    0.618000000    0.807912246   26.996934074
    0.620000000    0.752788991   28.121621226
    0.622000000    0.695450921   29.208559070
    0.624000000    0.635992734   30.238531882
    0.626000000    0.574547534   31.192409102
    0.628000000    0.511286298   32.051512421
    0.630000000    0.446416605   32.797972969
    0.632000000    0.380180680   33.415071436
    0.634000000    0.312852769   33.887554602
    0.636000000    0.244735916   34.201922593
    0.638000000    0.176158200   34.346682002
    0.640000000    0.107468495   34.312560979
    0.642000000    0.039031850   34.092683339
    0.644000000   -0.028775442   33.682699671
    0.646000000   -0.095570995   33.080874343
    0.648000000   -0.160971600   32.288128161
    0.650000000   -0.224598553   31.308037188
    0.652000000   -0.286082921   30.146788918
    0.654000000   -0.345070693   28.813097607
    0.656000000   -0.401227711   27.318080993
    0.658000000   -0.454244329   25.675101089
    0.660000000   -0.503839709   23.899571974
    0.662000000   -0.549765712   22.008737785
    0.664000000   -0.591810311   20.021424227
    0.666000000   -0.629800490   17.957767095
    0.668000000   -0.663604571   15.838921352
    0.670000000   -0.693133953   13.686754429
    0.672000000   -0.718344214   11.523527500
    0.674000000   -0.739235580    9.371568599
    0.676000000   -0.755852723    7.252941599
    0.678000000   -0.768283901    5.189115228
    0.680000000   -0.776659443    3.200636526
    0.682000000   -0.781149585    1.306813317
    0.684000000   -0.781961684   -0.474589452
    0.686000000   -0.779336846   -2.127634501
    0.688000000   -0.773546002   -3.638472928
    0.690000000   -0.764885501   -4.995575556
    0.692000000   -0.753672259   -6.189929608
    0.694000000   -0.740238570   -7.215195535
    0.696000000   -0.724926635   -8.067819069
    0.698000000   -0.708082923   -8.747094037
    0.700000000   -0.690052453   -9.255172077
    0.702000000   -0.671173117   -9.597016259
    0.704000000   -0.651770153   -9.780296633
    0.706000000   -0.632150882   -9.815226979
    0.708000000   -0.612599834   -9.714343443
    0.710000000   -0.593374369   -9.492227313
    0.712000000   -0.574700911   -9.165175874
    0.714000000   -0.556771884   -8.750827013
    0.716000000   -0.539743436   -8.267744974
    0.718000000   -0.523734029   -7.734976333
    0.720000000   -0.508823935   -7.171586809
    0.722000000   -0.495055666   -6.596190782
    0.724000000   -0.482435347   -6.026486473
    0.726000000   -0.470934995   -5.478810347
    0.728000000   -0.460495664   -4.967724564
    0.730000000   -0.451031367   -4.505651074
    0.732000000   -0.442433675   -4.102565205
    0.734000000   -0.434576856   -3.765760353
    0.736000000   -0.427323410   -3.499693608
    0.738000000   -0.420529822   -3.305919900
    0.740000000   -0.414052353   -3.183119555
    0.742000000   -0.407752686   -3.127221079
    0.744000000   -0.401503223   -3.131617699
    0.746000000   -0.395191868   -3.187472645
    0.748000000   -0.388726116   -3.284104719
    0.750000000   -0.382036293   -3.409442239
    0.752000000   -0.375077839   -3.550530385
    0.754000000   -0.367832539   -3.694074202
    0.756000000   -0.360308640   -3.826997428
    0.758000000   -0.352539861   -3.936995803
    0.760000000   -0.344583317   -4.013062876
    0.762000000   -0.336516434   -4.045966541
    0.764000000   -0.328432983   -4.028655662
    0.766000000   -0.320438383   -3.956578245
    0.768000000   -0.312644470   -3.827895591
    0.770000000   -0.305163951   -3.643580710
    0.772000000   -0.298104787   -3.407393785
    0.774000000   -0.291564745   -3.125732622
    0.776000000   -0.285626375   -2.807361431
    0.778000000   -0.280352642   -2.463026919
    0.780000000   -0.275783432   -2.104976114
    0.782000000   -0.271933098   -1.746395462
    0.784000000   -0.268789190   -1.400795142
    0.786000000   -0.266312448   -1.081366118
    0.788000000   -0.264438088   -0.800339843
    0.790000000   -0.263078330   -0.568381606
    0.792000000   -0.262126088   -0.394048187
    0.794000000   -0.261459657   -0.283338560
    0.796000000   -0.260948176   -0.239362953
    0.798000000   -0.260457626   -0.262150724
    0.800000000   -0.259857057   -0.348611257
    0.802000000   -0.259024732   -0.492654877
    0.804000000   -0.257853870   -0.685472703
    0.806000000   -0.256257685   -0.915965971
    0.808000000   -0.254173418   -1.171306945
    0.810000000   -0.251565145   -1.437605635
    0.812000000   -0.248425175   -1.700649587
    0.814000000   -0.244773917   -1.946678413
    0.816000000   -0.240658209   -2.163150995
    0.818000000   -0.236148145   -2.339461643
    0.820000000   -0.231332570   -2.467562252
    0.822000000   -0.226313446   -2.542450787
    0.824000000   -0.221199410   -2.562492185
    0.826000000   -0.216098879   -2.529545944
    0.828000000   -0.211113106   -2.448884861
    0.830000000   -0.206329613   -2.328901175
    0.832000000   -0.201816417   -2.180609256
    0.834000000   -0.197617435   -2.016967051
    0.836000000   -0.193749402   -1.852051225
    0.838000000   -0.190200548   -1.700132243
    0.840000000   -0.186931174   -1.574704868
    0.842000000   -0.183876165   -1.487535838
    0.844000000   -0.180949338   -1.447793190
    0.846000000   -0.178049393   -1.461320373
    0.848000000   -0.175067121   -1.530112573
    0.850000000   -0.171893425   -1.652042627
    0.852000000   -0.168427601   -1.820869783
    0.854000000   -0.164585307   -2.026546960
    0.856000000   -0.160305628   -2.255821970
    0.858000000   -0.155556652   -2.493106560
    0.860000000   -0.150339086   -2.721565564
    0.862000000   -0.144687529   -2.924358439
    0.864000000   -0.138669178   -3.085948662
    0.866000000   -0.132379921   -3.193384520
    0.868000000   -0.125937992   -3.237449087
    0.870000000   -0.119475532   -3.213578859
    0.872000000   -0.113128631   -3.122460262
    0.874000000   -0.107026549   -2.970231243
    0.876000000   -0.101280982   -2.768240907
    0.878000000   -0.095976260   -2.532352548
    0.880000000   -0.091161382   -2.281812513
    0.882000000   -0.086844696   -2.037746682
    0.884000000   -0.082991885   -1.821384804
    0.886000000   -0.079527658   -1.652147123
    0.888000000   -0.076341280   -1.545754023
    0.890000000   -0.073295709   -1.512534416
    0.892000000   -0.070239778   -1.556109308
    0.894000000   -0.067022483   -1.672611348
    0.896000000   -0.063508205   -1.850568193
    0.898000000   -0.059591415   -2.071527819
    0.900000000   -0.055209379   -2.311439689
    0.902000000   -0.050351383   -2.542731090
    0.904000000   -0.045063223   -2.736938821
    0.906000000   -0.039446053   -2.867680099
    0.908000000   -0.033649173   -2.913681696
    0.910000000   -0.027856979   -2.861541685
    0.912000000   -0.022270939   -2.707882482
    0.914000000   -0.017088136   -2.460573981
    0.916000000   -0.012478534   -2.138766164
    0.918000000   -0.008563494   -1.771572234
    0.920000000   -0.005398320   -1.395382337
    0.922000000   -0.002961426   -1.049954747
    0.924000000   -0.001152296   -0.773611311
    0.926000000    0.000200459   -0.598036480
    0.928000000    0.001320773   -0.543320240
    0.930000000    0.002457720   -0.613968260
    0.932000000    0.003851708   -0.796602226
    0.934000000    0.005698295   -1.059968945
    0.936000000    0.008114686   -1.357657165
    0.938000000    0.011114462   -1.633588503
    0.940000000    0.014595805   -1.829924330
    0.942000000    0.018347297   -1.896555608
    0.944000000    0.022073240   -1.800881499
    0.946000000    0.025437459   -1.536218333
    0.948000000    0.028121034   -1.127008933
    0.950000000    0.029885789   -0.629119560
    0.952000000    0.030632380   -0.123995969
    0.954000000    0.030440178    0.293660903
    0.956000000    0.029576669    0.533775202
    0.958000000    0.028467441    0.531892412
    0.960000000    0.027624253    0.269321958
    0.962000000    0.027537906   -0.212729772
    0.964000000    0.028553505   -0.810576655
    0.966000000    0.030756117   -1.371643120
    0.968000000    0.033901753   -1.726195828
    0.970000000    0.037428246   -1.734599085
    0.972000000    0.040569364   -1.341238716
    0.974000000    0.042570887   -0.619406361
    0.976000000    0.042970083    0.213963923
    0.978000000    0.041855999    0.835506422
    0.980000000    0.039990782    0.918089834
    0.982000000    0.038664417    0.290725328
    0.984000000    0.039206693   -0.890163079
    0.986000000    0.042220789   -2.053925273
    0.988000000    0.046842577   -2.353718085
    0.990000000    0.050619077   -1.164005988
    0.992000000    0.050754134    1.078149054
    0.994000000    0.047039880    2.176678113
    0.996000000    0.044846487   -0.774903316
    0.998000000    0.051313759   -4.715437187
    1.000000000    0.046226284   19.906455997
