#! FIELDS d1 targetdist
#! SET min_d1 pi/2
#! SET max_d1 pi
#! SET nbins_d1  500
#! SET periodic_d1 false
 1.570796 0.000000 
 1.573938 0.000000 
 1.577080 0.000000 
 1.580221 0.000000 
 1.583363 0.000000 
 1.586504 0.000000 
 1.589646 0.000000 
 1.592787 0.000000 
 1.595929 0.000000 
 1.599071 0.000000 
 1.602212 0.000000 
 1.605354 0.000000 
 1.608495 0.000000 
 1.611637 0.000000 
 1.614779 0.000000 
 1.617920 0.000000 
 1.621062 0.000000 
 1.624203 0.000000 
 1.627345 0.000000 
 1.630487 0.000000 
 1.633628 0.000000 
 1.636770 0.000000 
 1.639911 0.000000 
 1.643053 0.000000 
 1.646195 0.000000 
 1.649336 0.000000 
 1.652478 0.000000 
 1.655619 0.000000 
 1.658761 0.000000 
 1.661903 0.000000 
 1.665044 0.000000 
 1.668186 0.000000 
 1.671327 0.000000 
 1.674469 0.000000 
 1.677610 0.000000 
 1.680752 0.000000 
 1.683894 0.000000 
 1.687035 0.000000 
 1.690177 0.000000 
 1.693318 0.000000 
 1.696460 0.000000 
 1.699602 0.000000 
 1.702743 0.000000 
 1.705885 0.000000 
 1.709026 0.000000 
 1.712168 0.000000 
 1.715310 0.000000 
 1.718451 0.000000 
 1.721593 0.000000 
 1.724734 0.000000 
 1.727876 0.000000 
 1.731018 0.000000 
 1.734159 0.000000 
 1.737301 0.000000 
 1.740442 0.000000 
 1.743584 0.000000 
 1.746726 0.000000 
 1.749867 0.000000 
 1.753009 0.000000 
 1.756150 0.000000 
 1.759292 0.000000 
 1.762433 0.000000 
 1.765575 0.000000 
 1.768717 0.000000 
 1.771858 0.000000 
 1.775000 0.000000 
 1.778141 0.000000 
 1.781283 0.000000 
 1.784425 0.000000 
 1.787566 0.000000 
 1.790708 0.000000 
 1.793849 0.000000 
 1.796991 0.000000 
 1.800133 0.000000 
 1.803274 0.000000 
 1.806416 0.000000 
 1.809557 0.000000 
 1.812699 0.000000 
 1.815841 0.000000 
 1.818982 0.000000 
 1.822124 0.000000 
 1.825265 0.000000 
 1.828407 0.000000 
 1.831549 0.000000 
 1.834690 0.000000 
 1.837832 0.000000 
 1.840973 0.000000 
 1.844115 0.000000 
 1.847256 0.000000 
 1.850398 0.000000 
 1.853540 0.000000 
 1.856681 0.000000 
 1.859823 0.000000 
 1.862964 0.000000 
 1.866106 0.000000 
 1.869248 0.000000 
 1.872389 0.000000 
 1.875531 0.000000 
 1.878672 0.000000 
 1.881814 0.000000 
 1.884956 0.000000 
 1.888097 0.000000 
 1.891239 0.000000 
 1.894380 0.000000 
 1.897522 0.000000 
 1.900664 0.000000 
 1.903805 0.000000 
 1.906947 0.000000 
 1.910088 0.000000 
 1.913230 0.000000 
 1.916372 0.000000 
 1.919513 0.000000 
 1.922655 0.000000 
 1.925796 0.000000 
 1.928938 0.000000 
 1.932079 0.000000 
 1.935221 0.000000 
 1.938363 0.000000 
 1.941504 0.000000 
 1.944646 0.000000 
 1.947787 0.000000 
 1.950929 0.000000 
 1.954071 0.000000 
 1.957212 0.000000 
 1.960354 0.000000 
 1.963495 0.000000 
 1.966637 0.000000 
 1.969779 0.000000 
 1.972920 0.000000 
 1.976062 0.000000 
 1.979203 0.000000 
 1.982345 0.000000 
 1.985487 0.000000 
 1.988628 0.000000 
 1.991770 0.000000 
 1.994911 0.000000 
 1.998053 0.000000 
 2.001195 0.000000 
 2.004336 0.000000 
 2.007478 0.000000 
 2.010619 0.000000 
 2.013761 0.000000 
 2.016902 0.000000 
 2.020044 0.000000 
 2.023186 0.000000 
 2.026327 0.000000 
 2.029469 0.000000 
 2.032610 0.000000 
 2.035752 0.000000 
 2.038894 0.000000 
 2.042035 0.000000 
 2.045177 0.000000 
 2.048318 0.000000 
 2.051460 0.000000 
 2.054602 0.000000 
 2.057743 0.000000 
 2.060885 0.000000 
 2.064026 0.000000 
 2.067168 0.000000 
 2.070310 0.000000 
 2.073451 0.000000 
 2.076593 0.000000 
 2.079734 0.000000 
 2.082876 0.000000 
 2.086018 0.000000 
 2.089159 0.000000 
 2.092301 0.000000 
 2.095442 0.000000 
 2.098584 0.000000 
 2.101725 0.000000 
 2.104867 0.000000 
 2.108009 0.000000 
 2.111150 0.000000 
 2.114292 0.000000 
 2.117433 0.000000 
 2.120575 0.000000 
 2.123717 0.000000 
 2.126858 0.000000 
 2.130000 0.000000 
 2.133141 0.000000 
 2.136283 0.000000 
 2.139425 0.000000 
 2.142566 0.000000 
 2.145708 0.000000 
 2.148849 0.000000 
 2.151991 0.000000 
 2.155133 0.000000 
 2.158274 0.000000 
 2.161416 0.000000 
 2.164557 0.000000 
 2.167699 0.000000 
 2.170841 0.000000 
 2.173982 0.000000 
 2.177124 0.000000 
 2.180265 0.000000 
 2.183407 0.000000 
 2.186548 0.000000 
 2.189690 0.000000 
 2.192832 0.000000 
 2.195973 0.000000 
 2.199115 0.000000 
 2.202256 0.000000 
 2.205398 0.000000 
 2.208540 0.000000 
 2.211681 0.000000 
 2.214823 0.000000 
 2.217964 0.000000 
 2.221106 0.000000 
 2.224248 0.000000 
 2.227389 0.000000 
 2.230531 0.000000 
 2.233672 0.000000 
 2.236814 0.000000 
 2.239956 0.000000 
 2.243097 0.000000 
 2.246239 0.000000 
 2.249380 0.000000 
 2.252522 0.000000 
 2.255664 0.000000 
 2.258805 0.000000 
 2.261947 0.000000 
 2.265088 0.000000 
 2.268230 0.000000 
 2.271371 0.000001 
 2.274513 0.000002 
 2.277655 0.000005 
 2.280796 0.000013 
 2.283938 0.000029 
 2.287079 0.000061 
 2.290221 0.000119 
 2.293363 0.000211 
 2.296504 0.000350 
 2.299646 0.000543 
 2.302787 0.000794 
 2.305929 0.001103 
 2.309071 0.001465 
 2.312212 0.001862 
 2.315354 0.002263 
 2.318495 0.002619 
 2.321637 0.002876 
 2.324779 0.002993 
 2.327920 0.002952 
 2.331062 0.002777 
 2.334203 0.002518 
 2.337345 0.002238 
 2.340487 0.001995 
 2.343628 0.001829 
 2.346770 0.001768 
 2.349911 0.001828 
 2.353053 0.002021 
 2.356194 0.002350 
 2.359336 0.002810 
 2.362478 0.003383 
 2.365619 0.004042 
 2.368761 0.004754 
 2.371902 0.005483 
 2.375044 0.006195 
 2.378186 0.006860 
 2.381327 0.007458 
 2.384469 0.007991 
 2.387610 0.008489 
 2.390752 0.008996 
 2.393894 0.009550 
 2.397035 0.010161 
 2.400177 0.010799 
 2.403318 0.011401 
 2.406460 0.011899 
 2.409602 0.012249 
 2.412743 0.012446 
 2.415885 0.012522 
 2.419026 0.012527 
 2.422168 0.012514 
 2.425310 0.012526 
 2.428451 0.012597 
 2.431593 0.012765 
 2.434734 0.013076 
 2.437876 0.013577 
 2.441017 0.014302 
 2.444159 0.015254 
 2.447301 0.016404 
 2.450442 0.017698 
 2.453584 0.019080 
 2.456725 0.020513 
 2.459867 0.022005 
 2.463009 0.023621 
 2.466150 0.025471 
 2.469292 0.027676 
 2.472433 0.030328 
 2.475575 0.033444 
 2.478717 0.036942 
 2.481858 0.040649 
 2.485000 0.044344 
 2.488141 0.047817 
 2.491283 0.050920 
 2.494425 0.053592 
 2.497566 0.055851 
 2.500708 0.057756 
 2.503849 0.059382 
 2.506991 0.060803 
 2.510133 0.062114 
 2.513274 0.063440 
 2.516416 0.064965 
 2.519557 0.066918 
 2.522699 0.069564 
 2.525840 0.073151 
 2.528982 0.077855 
 2.532124 0.083707 
 2.535265 0.090548 
 2.538407 0.098046 
 2.541548 0.105779 
 2.544690 0.113377 
 2.547832 0.120662 
 2.550973 0.127705 
 2.554115 0.134772 
 2.557256 0.142184 
 2.560398 0.150147 
 2.563540 0.158642 
 2.566681 0.167426 
 2.569823 0.176168 
 2.572964 0.184605 
 2.576106 0.192669 
 2.579248 0.200508 
 2.582389 0.208379 
 2.585531 0.216491 
 2.588672 0.224931 
 2.591814 0.233669 
 2.594956 0.242666 
 2.598097 0.252015 
 2.601239 0.261972 
 2.604380 0.272896 
 2.607522 0.285070 
 2.610663 0.298547 
 2.613805 0.313083 
 2.616947 0.328222 
 2.620088 0.343504 
 2.623230 0.358693 
 2.626371 0.373900 
 2.629513 0.389565 
 2.632655 0.406262 
 2.635796 0.424488 
 2.638938 0.444407 
 2.642079 0.465764 
 2.645221 0.487907 
 2.648363 0.509956 
 2.651504 0.531091 
 2.654646 0.550788 
 2.657787 0.568981 
 2.660929 0.586033 
 2.664071 0.602589 
 2.667212 0.619377 
 2.670354 0.637024 
 2.673495 0.655902 
 2.676637 0.675964 
 2.679779 0.696792 
 2.682920 0.717705 
 2.686062 0.738120 
 2.689203 0.757865 
 2.692345 0.777327 
 2.695486 0.797370 
 2.698628 0.818993 
 2.701770 0.843008 
 2.704911 0.869905 
 2.708053 0.899841 
 2.711194 0.932755 
 2.714336 0.968457 
 2.717478 1.006661 
 2.720619 1.047011 
 2.723761 1.089107 
 2.726902 1.132526 
 2.730044 1.176742 
 2.733186 1.221008 
 2.736327 1.264260 
 2.739469 1.305237 
 2.742610 1.342778 
 2.745752 1.376212 
 2.748894 1.405609 
 2.752035 1.431801 
 2.755177 1.456115 
 2.758318 1.479966 
 2.761460 1.504531 
 2.764602 1.530554 
 2.767743 1.558331 
 2.770885 1.587814 
 2.774026 1.618724 
 2.777168 1.650726 
 2.780309 1.683498 
 2.783451 1.716841 
 2.786593 1.750810 
 2.789734 1.785722 
 2.792876 1.822150 
 2.796017 1.860750 
 2.799159 1.902017 
 2.802301 1.946090 
 2.805442 1.992714 
 2.808584 2.041250 
 2.811725 2.090855 
 2.814867 2.140623 
 2.818009 2.189621 
 2.821150 2.236990 
 2.824292 2.282019 
 2.827433 2.324253 
 2.830575 2.363513 
 2.833717 2.399923 
 2.836858 2.433742 
 2.840000 2.465301 
 2.843141 2.494928 
 2.846283 2.523005 
 2.849425 2.550028 
 2.852566 2.576707 
 2.855708 2.603922 
 2.858849 2.632605 
 2.861991 2.663412 
 2.865133 2.696379 
 2.868274 2.730765 
 2.871416 2.765162 
 2.874557 2.798040 
 2.877699 2.828323 
 2.880840 2.855838 
 2.883982 2.881313 
 2.887124 2.906032 
 2.890265 2.931177 
 2.893407 2.957350 
 2.896548 2.984365 
 2.899690 3.011216 
 2.902832 3.036470 
 2.905973 3.058669 
 2.909115 3.076746 
 2.912256 3.090356 
 2.915398 3.100037 
 2.918540 3.107075 
 2.921681 3.113175 
 2.924823 3.119858 
 2.927964 3.127904 
 2.931106 3.137012 
 2.934248 3.145906 
 2.937389 3.152852 
 2.940531 3.156395 
 2.943672 3.155942 
 2.946814 3.151918 
 2.949956 3.145442 
 2.953097 3.137757 
 2.956239 3.129651 
 2.959380 3.121155 
 2.962522 3.111602 
 2.965663 3.099969 
 2.968805 3.085351 
 2.971947 3.067278 
 2.975088 3.045881 
 2.978230 3.021788 
 2.981371 2.995917 
 2.984513 2.969206 
 2.987655 2.942450 
 2.990796 2.916177 
 2.993938 2.890508 
 2.997079 2.865179 
 3.000221 2.839544 
 3.003363 2.812824 
 3.006504 2.784409 
 3.009646 2.754114 
 3.012787 2.722105 
 3.015929 2.688636 
 3.019071 2.653745 
 3.022212 2.617107 
 3.025354 2.578219 
 3.028495 2.536803 
 3.031637 2.493018 
 3.034779 2.447441 
 3.037920 2.400639 
 3.041062 2.352698 
 3.044203 2.303063 
 3.047345 2.250727 
 3.050486 2.194759 
 3.053628 2.134723 
 3.056770 2.070820 
 3.059911 2.003692 
 3.063053 1.934106 
 3.066194 1.862760 
 3.069336 1.790288 
 3.072478 1.717330 
 3.075619 1.644496 
 3.078761 1.572209 
 3.081902 1.500481 
 3.085044 1.428812 
 3.088186 1.356412 
 3.091327 1.282487 
 3.094469 1.206500 
 3.097610 1.128255 
 3.100752 1.047836 
 3.103894 0.965508 
 3.107035 0.881653 
 3.110177 0.796854 
 3.113318 0.711808 
 3.116460 0.627384 
 3.119602 0.544498 
 3.122743 0.464086 
 3.125885 0.387141 
 3.129026 0.314763 
 3.132168 0.248198 
 3.135309 0.188747 
 3.138451 0.137599 
 3.141593 0.095588 
