#! FIELDS nm targetdist der_nm
#! SET min_nm 0.0
#! SET max_nm 1.0
#! SET nbins_nm  501
#! SET periodic_nm false
 0.000000 0.000000 0.000000
 0.002000 0.000000 0.000000
 0.004000 0.000000 0.000000
 0.006000 0.000000 0.000000
 0.008000 0.000000 0.000000
 0.010000 0.000000 0.000000
 0.012000 0.000000 0.000000
 0.014000 0.000000 0.000000
 0.016000 0.000000 0.000000
 0.018000 0.000000 0.000000
 0.020000 0.000000 0.000000
 0.022000 0.000000 0.000000
 0.024000 0.000000 0.000000
 0.026000 0.000000 0.000000
 0.028000 0.000000 0.000000
 0.030000 0.000000 0.000000
 0.032000 0.000000 0.000000
 0.034000 0.000000 0.000000
 0.036000 0.000000 0.000000
 0.038000 0.000000 0.000000
 0.040000 0.000000 0.000000
 0.042000 0.000000 0.000000
 0.044000 0.000000 0.000000
 0.046000 0.000000 0.000000
 0.048000 0.000000 0.000000
 0.050000 0.000000 0.000000
 0.052000 0.000000 0.000000
 0.054000 0.000000 0.000000
 0.056000 0.000000 0.000000
 0.058000 0.000000 0.000000
 0.060000 0.000000 0.000000
 0.062000 0.000000 0.000000
 0.064000 0.000000 0.000000
 0.066000 0.000000 0.000000
 0.068000 0.000000 0.000000
 0.070000 0.000000 0.000000
 0.072000 0.000000 0.000000
 0.074000 0.000000 0.000000
 0.076000 0.000000 0.000000
 0.078000 0.000000 0.000000
 0.080000 0.000000 0.000000
 0.082000 0.000000 0.000000
 0.084000 0.000000 0.000000
 0.086000 0.000000 0.000000
 0.088000 0.000000 0.000000
 0.090000 0.000000 0.000000
 0.092000 0.000000 0.000000
 0.094000 0.000000 0.000000
 0.096000 0.000000 0.000000
 0.098000 0.000000 0.000000
 0.100000 0.000000 0.000000
 0.102000 0.000000 0.000000
 0.104000 0.000000 0.000000
 0.106000 0.000000 0.000000
 0.108000 0.000000 0.000000
 0.110000 0.000000 0.000000
 0.112000 0.000000 0.000000
 0.114000 0.000000 0.000000
 0.116000 0.000000 0.000000
 0.118000 0.000000 0.000145
 0.120000 0.000001 0.000424
 0.122000 0.000002 0.000805
 0.124000 0.000005 0.001633
 0.126000 0.000010 0.002951
 0.128000 0.000017 0.005000
 0.130000 0.000031 0.008268
 0.132000 0.000052 0.013165
 0.134000 0.000085 0.019874
 0.136000 0.000134 0.028949
 0.138000 0.000204 0.040674
 0.140000 0.000300 0.054906
 0.142000 0.000427 0.071769
 0.144000 0.000590 0.090343
 0.146000 0.000792 0.111013
 0.148000 0.001038 0.133209
 0.150000 0.001330 0.156836
 0.152000 0.001670 0.182768
 0.154000 0.002066 0.212324
 0.156000 0.002528 0.248030
 0.158000 0.003068 0.291505
 0.160000 0.003706 0.345558
 0.162000 0.004463 0.411140
 0.164000 0.005363 0.488937
 0.166000 0.006429 0.577592
 0.168000 0.007683 0.674844
 0.170000 0.009137 0.776136
 0.172000 0.010793 0.875782
 0.174000 0.012644 0.968632
 0.176000 0.014667 1.047682
 0.178000 0.016831 1.109098
 0.180000 0.019099 1.150478
 0.182000 0.021428 1.171706
 0.184000 0.023783 1.175990
 0.186000 0.026135 1.169679
 0.188000 0.028472 1.161259
 0.190000 0.030796 1.159107
 0.192000 0.033129 1.172331
 0.194000 0.035511 1.207112
 0.196000 0.037988 1.266884
 0.198000 0.040609 1.350613
 0.200000 0.043417 1.453353
 0.202000 0.046448 1.569219
 0.204000 0.049716 1.690251
 0.206000 0.053227 1.810351
 0.208000 0.056977 1.926704
 0.210000 0.060954 2.039662
 0.212000 0.065157 2.153424
 0.214000 0.069599 2.276083
 0.216000 0.074298 2.415048
 0.218000 0.079300 2.576837
 0.220000 0.084654 2.769571
 0.222000 0.090429 2.995456
 0.224000 0.096689 3.254397
 0.226000 0.103504 3.546246
 0.228000 0.110937 3.868940
 0.230000 0.119033 4.215303
 0.232000 0.127851 4.583832
 0.234000 0.137424 4.970975
 0.236000 0.147791 5.373420
 0.238000 0.158977 5.790399
 0.240000 0.171009 6.219341
 0.242000 0.183918 6.663790
 0.244000 0.197726 7.119275
 0.246000 0.212449 7.580152
 0.248000 0.228099 8.042657
 0.250000 0.244662 8.490706
 0.252000 0.262101 8.914801
 0.254000 0.280354 9.300615
 0.256000 0.299330 9.634196
 0.258000 0.318911 9.906284
 0.260000 0.338977 10.114782
 0.262000 0.359399 10.260780
 0.264000 0.380057 10.349697
 0.266000 0.400852 10.395406
 0.268000 0.421701 10.411168
 0.270000 0.442565 10.417031
 0.272000 0.463451 10.433641
 0.274000 0.484411 10.488462
 0.276000 0.505541 10.608562
 0.278000 0.526999 10.818762
 0.280000 0.548986 11.139707
 0.282000 0.571736 11.584229
 0.284000 0.595492 12.149766
 0.286000 0.620491 12.823661
 0.288000 0.646929 13.579643
 0.290000 0.674916 14.370677
 0.292000 0.704494 15.157080
 0.294000 0.735598 15.892856
 0.296000 0.768092 16.540770
 0.298000 0.801769 17.070826
 0.300000 0.836376 17.468574
 0.302000 0.871625 17.725645
 0.304000 0.907266 17.841106
 0.306000 0.943006 17.835589
 0.308000 0.978621 17.721626
 0.310000 1.013911 17.527287
 0.312000 1.048784 17.294515
 0.314000 1.083193 17.066998
 0.316000 1.117173 16.896640
 0.318000 1.150906 16.825339
 0.320000 1.184646 16.892389
 0.322000 1.218661 17.110780
 0.324000 1.253269 17.465568
 0.326000 1.288695 17.928687
 0.328000 1.325105 18.449480
 0.330000 1.362576 18.978923
 0.332000 1.401078 19.467959
 0.334000 1.440482 19.883581
 0.336000 1.480624 20.209986
 0.338000 1.521332 20.446417
 0.340000 1.562429 20.612518
 0.342000 1.603828 20.736266
 0.344000 1.645459 20.856928
 0.346000 1.687369 21.021253
 0.348000 1.729657 21.260264
 0.350000 1.772526 21.607714
 0.352000 1.816222 22.081116
 0.354000 1.860982 22.678118
 0.356000 1.907042 23.383107
 0.358000 1.954623 24.171765
 0.360000 2.003830 25.002247
 0.362000 2.054679 25.823886
 0.364000 2.107136 26.585284
 0.366000 2.161007 27.242473
 0.368000 2.216056 27.757702
 0.370000 2.271963 28.106658
 0.372000 2.328380 28.281258
 0.374000 2.384977 28.289934
 0.376000 2.441462 28.157219
 0.378000 2.497574 27.930516
 0.380000 2.553164 27.645855
 0.382000 2.608151 27.334246
 0.384000 2.662522 27.020958
 0.386000 2.716240 26.721490
 0.388000 2.769366 26.419636
 0.390000 2.821889 26.103777
 0.392000 2.873761 25.767905
 0.394000 2.924931 25.416222
 0.396000 2.975370 25.048735
 0.398000 3.025077 24.692365
 0.400000 3.074096 24.369009
 0.402000 3.122547 24.104588
 0.404000 3.170500 23.900817
 0.406000 3.218074 23.724770
 0.408000 3.265277 23.520273
 0.410000 3.311987 23.220559
 0.412000 3.357915 22.747960
 0.414000 3.402692 22.061246
 0.416000 3.445869 21.158815
 0.418000 3.487036 20.069498
 0.420000 3.525902 18.888990
 0.422000 3.562406 17.706416
 0.424000 3.596608 16.623708
 0.426000 3.628803 15.722587
 0.428000 3.659387 15.007327
 0.430000 3.688726 14.464112
 0.432000 3.717099 14.056210
 0.434000 3.744700 13.692461
 0.436000 3.771568 13.305732
 0.438000 3.797607 12.860946
 0.440000 3.822676 12.322852
 0.442000 3.846546 11.691243
 0.444000 3.869085 10.999365
 0.446000 3.890200 10.267444
 0.448000 3.909866 9.551576
 0.450000 3.928134 8.890232
 0.452000 3.945120 8.316035
 0.454000 3.961062 7.856485
 0.456000 3.976209 7.518340
 0.458000 3.990775 7.290246
 0.460000 4.004977 7.131493
 0.462000 4.018889 6.988534
 0.464000 4.032473 6.788316
 0.466000 4.045523 6.441786
 0.468000 4.057672 5.884398
 0.470000 4.068422 5.045611
 0.472000 4.077198 3.913347
 0.474000 4.083433 2.516499
 0.476000 4.086634 0.923283
 0.478000 4.086532 -0.786720
 0.480000 4.082995 -2.493480
 0.482000 4.076115 -4.097122
 0.484000 4.066192 -5.512030
 0.486000 4.053698 -6.692721
 0.488000 4.039095 -7.606986
 0.490000 4.022872 -8.280842
 0.492000 4.005506 -8.772934
 0.494000 3.987294 -9.124977
 0.496000 3.968465 -9.397608
 0.498000 3.949117 -9.669717
 0.500000 3.929174 -9.966626
 0.502000 3.908552 -10.360353
 0.504000 3.887051 -10.857849
 0.506000 3.864422 -11.475547
 0.508000 3.840424 -12.226752
 0.510000 3.814797 -13.104854
 0.512000 3.787266 -14.094538
 0.514000 3.757631 -15.200574
 0.516000 3.725714 -16.417370
 0.518000 3.691291 -17.681368
 0.520000 3.654333 -18.954073
 0.522000 3.614866 -20.149077
 0.524000 3.573161 -21.191306
 0.526000 3.529630 -21.985635
 0.528000 3.484814 -22.435062
 0.530000 3.439470 -22.499704
 0.532000 3.394384 -22.187557
 0.534000 3.350291 -21.533572
 0.536000 3.307762 -20.639121
 0.538000 3.267171 -19.615842
 0.540000 3.228615 -18.610168
 0.542000 3.191958 -17.736828
 0.544000 3.156821 -17.108884
 0.546000 3.122668 -16.777409
 0.548000 3.088836 -16.770848
 0.550000 3.054704 -17.075807
 0.552000 3.019680 -17.644924
 0.554000 2.983304 -18.420262
 0.556000 2.945244 -19.328478
 0.558000 2.905311 -20.284192
 0.560000 2.863450 -21.215005
 0.562000 2.819771 -22.080141
 0.564000 2.774481 -22.865706
 0.566000 2.727735 -23.553808
 0.568000 2.679715 -24.151269
 0.570000 2.630552 -24.683732
 0.572000 2.580386 -25.180144
 0.574000 2.529250 -25.648617
 0.576000 2.477197 -26.109026
 0.578000 2.424233 -26.535451
 0.580000 2.370471 -26.908516
 0.582000 2.316041 -27.197665
 0.584000 2.261166 -27.358919
 0.586000 2.206125 -27.356174
 0.588000 2.151268 -27.175200
 0.590000 2.096945 -26.825029
 0.592000 2.043481 -26.325648
 0.594000 1.991134 -25.717527
 0.596000 1.940066 -25.049913
 0.598000 1.890371 -24.371264
 0.600000 1.842014 -23.710607
 0.602000 1.794946 -23.089302
 0.604000 1.749087 -22.501881
 0.606000 1.704394 -21.937461
 0.608000 1.660800 -21.368967
 0.610000 1.618359 -20.810491
 0.612000 1.577035 -20.246960
 0.614000 1.536841 -19.715361
 0.616000 1.497661 -19.226706
 0.618000 1.459379 -18.833818
 0.620000 1.421757 -18.557990
 0.622000 1.384559 -18.441803
 0.624000 1.347449 -18.473110
 0.626000 1.310139 -18.637972
 0.628000 1.272397 -18.901815
 0.630000 1.234088 -19.214733
 0.632000 1.195160 -19.500581
 0.634000 1.155734 -19.709979
 0.636000 1.116022 -19.780716
 0.638000 1.076348 -19.667808
 0.640000 1.037098 -19.360154
 0.642000 0.998656 -18.852702
 0.644000 0.961429 -18.184183
 0.646000 0.925667 -17.386232
 0.648000 0.891571 -16.527414
 0.650000 0.859213 -15.682336
 0.652000 0.828485 -14.911520
 0.654000 0.799162 -14.263446
 0.656000 0.770987 -13.789041
 0.658000 0.743584 -13.487768
 0.660000 0.716617 -13.350432
 0.662000 0.689792 -13.337941
 0.664000 0.662922 -13.398993
 0.666000 0.635916 -13.465150
 0.668000 0.608826 -13.475831
 0.670000 0.581810 -13.386222
 0.672000 0.555098 -13.169557
 0.674000 0.528955 -12.827173
 0.676000 0.503616 -12.383380
 0.678000 0.479251 -11.866390
 0.680000 0.455960 -11.316072
 0.682000 0.433778 -10.769514
 0.684000 0.412668 -10.255036
 0.686000 0.392541 -9.778300
 0.688000 0.373334 -9.349699
 0.690000 0.354946 -8.950250
 0.692000 0.337343 -8.573759
 0.694000 0.320487 -8.197022
 0.696000 0.304397 -7.811077
 0.698000 0.289093 -7.404046
 0.700000 0.274626 -6.975652
 0.702000 0.261035 -6.531873
 0.704000 0.248350 -6.085141
 0.706000 0.236548 -5.648253
 0.708000 0.225600 -5.246530
 0.710000 0.215414 -4.895936
 0.712000 0.205858 -4.607757
 0.714000 0.196817 -4.398900
 0.716000 0.188119 -4.262165
 0.718000 0.179631 -4.186935
 0.720000 0.171242 -4.156242
 0.722000 0.162890 -4.149722
 0.724000 0.154550 -4.142895
 0.726000 0.146245 -4.118370
 0.728000 0.138024 -4.059880
 0.730000 0.129961 -3.962216
 0.732000 0.122130 -3.823155
 0.734000 0.114616 -3.651951
 0.736000 0.107471 -3.456341
 0.738000 0.100734 -3.248014
 0.740000 0.094420 -3.040066
 0.742000 0.088515 -2.840409
 0.744000 0.082996 -2.659623
 0.746000 0.077815 -2.502312
 0.748000 0.072917 -2.371554
 0.750000 0.068257 -2.272499
 0.752000 0.063767 -2.197720
 0.754000 0.059405 -2.145352
 0.756000 0.055130 -2.107919
 0.758000 0.050923 -2.079630
 0.760000 0.046771 -2.051414
 0.762000 0.042684 -2.016302
 0.764000 0.038681 -1.967033
 0.766000 0.034798 -1.899492
 0.768000 0.031071 -1.808962
 0.770000 0.027548 -1.694981
 0.772000 0.024277 -1.561049
 0.774000 0.021291 -1.410438
 0.776000 0.018619 -1.250086
 0.778000 0.016270 -1.087066
 0.780000 0.014245 -0.930381
 0.782000 0.012523 -0.786237
 0.784000 0.011072 -0.658678
 0.786000 0.009858 -0.551581
 0.788000 0.008836 -0.464410
 0.790000 0.007971 -0.397112
 0.792000 0.007223 -0.345260
 0.794000 0.006567 -0.306319
 0.796000 0.005982 -0.275769
 0.798000 0.005453 -0.249011
 0.800000 0.004975 -0.223496
 0.802000 0.004548 -0.197588
 0.804000 0.004176 -0.170946
 0.806000 0.003859 -0.143370
 0.808000 0.003597 -0.115625
 0.810000 0.003391 -0.090070
 0.812000 0.003231 -0.068249
 0.814000 0.003110 -0.052515
 0.816000 0.003014 -0.043607
 0.818000 0.002929 -0.041636
 0.820000 0.002840 -0.046565
 0.822000 0.002737 -0.056802
 0.824000 0.002609 -0.070565
 0.826000 0.002452 -0.085390
 0.828000 0.002266 -0.099212
 0.830000 0.002055 -0.110710
 0.832000 0.001824 -0.118176
 0.834000 0.001584 -0.121092
 0.836000 0.001342 -0.118993
 0.838000 0.001109 -0.112511
 0.840000 0.000893 -0.102691
 0.842000 0.000700 -0.090335
 0.844000 0.000533 -0.076501
 0.846000 0.000393 -0.062324
 0.848000 0.000282 -0.049115
 0.850000 0.000196 -0.037269
 0.852000 0.000131 -0.027104
 0.854000 0.000085 -0.019023
 0.856000 0.000053 -0.012834
 0.858000 0.000032 -0.008215
 0.860000 0.000018 -0.005025
 0.862000 0.000010 -0.002925
 0.864000 0.000006 -0.001718
 0.866000 0.000003 -0.000876
 0.868000 0.000001 -0.000417
 0.870000 0.000000 -0.000137
 0.872000 0.000000 0.000000
 0.874000 0.000000 0.000000
 0.876000 0.000000 0.000000
 0.878000 0.000000 0.000000
 0.880000 0.000000 0.000000
 0.882000 0.000000 0.000000
 0.884000 0.000000 0.000000
 0.886000 0.000000 0.000000
 0.888000 0.000000 0.000000
 0.890000 0.000000 0.000000
 0.892000 0.000000 0.000000
 0.894000 0.000000 0.000000
 0.896000 0.000000 0.000000
 0.898000 0.000000 0.000000
 0.900000 0.000000 0.000000
 0.902000 0.000000 0.000000
 0.904000 0.000000 0.000000
 0.906000 0.000000 0.000000
 0.908000 0.000000 0.000000
 0.910000 0.000000 0.000000
 0.912000 0.000000 0.000000
 0.914000 0.000000 0.000000
 0.916000 0.000000 0.000000
 0.918000 0.000000 0.000000
 0.920000 0.000000 0.000000
 0.922000 0.000000 0.000000
 0.924000 0.000000 0.000000
 0.926000 0.000000 0.000000
 0.928000 0.000000 0.000000
 0.930000 0.000000 0.000000
 0.932000 0.000000 0.000000
 0.934000 0.000000 0.000000
 0.936000 0.000000 0.000000
 0.938000 0.000000 0.000000
 0.940000 0.000000 0.000000
 0.942000 0.000000 0.000000
 0.944000 0.000000 0.000000
 0.946000 0.000000 0.000000
 0.948000 0.000000 0.000000
 0.950000 0.000000 0.000000
 0.952000 0.000000 0.000000
 0.954000 0.000000 0.000000
 0.956000 0.000000 0.000000
 0.958000 0.000000 0.000000
 0.960000 0.000000 0.000000
 0.962000 0.000000 0.000000
 0.964000 0.000000 0.000000
 0.966000 0.000000 0.000000
 0.968000 0.000000 0.000000
 0.970000 0.000000 0.000000
 0.972000 0.000000 0.000000
 0.974000 0.000000 0.000000
 0.976000 0.000000 0.000000
 0.978000 0.000000 0.000000
 0.980000 0.000000 0.000000
 0.982000 0.000000 0.000000
 0.984000 0.000000 0.000000
 0.986000 0.000000 0.000000
 0.988000 0.000000 0.000000
 0.990000 0.000000 0.000000
 0.992000 0.000000 0.000000
 0.994000 0.000000 0.000000
 0.996000 0.000000 0.000000
 0.998000 0.000000 0.000000
 1.000000 0.000000 0.000000
