#! FIELDS nm targetdist der_nm
#! SET min_nm 0.0
#! SET max_nm 1.0
#! SET nbins_nm  501
#! SET periodic_nm false
 0.000000 0.000000 0.000000
 0.002000 0.000000 0.000000
 0.004000 0.000000 0.000000
 0.006000 0.000000 0.000000
 0.008000 0.000000 0.000000
 0.010000 0.000000 0.000000
 0.012000 0.000000 0.000000
 0.014000 0.000000 0.000000
 0.016000 0.000000 0.000000
 0.018000 0.000000 0.000000
 0.020000 0.000000 0.000000
 0.022000 0.000000 0.000000
 0.024000 0.000000 0.000000
 0.026000 0.000000 0.000000
 0.028000 0.000000 0.000000
 0.030000 0.000000 0.000000
 0.032000 0.000000 0.000000
 0.034000 0.000000 0.000000
 0.036000 0.000000 0.000000
 0.038000 0.000000 0.000000
 0.040000 0.000000 0.000000
 0.042000 0.000000 0.000000
 0.044000 0.000000 0.000000
 0.046000 0.000000 0.000000
 0.048000 0.000000 0.000000
 0.050000 0.000000 0.000000
 0.052000 0.000000 0.000000
 0.054000 0.000000 0.000000
 0.056000 0.000000 0.000000
 0.058000 0.000000 0.000000
 0.060000 0.000000 0.000000
 0.062000 0.000000 0.000000
 0.064000 0.000000 0.000000
 0.066000 0.000000 0.000000
 0.068000 0.000000 0.000000
 0.070000 0.000000 0.000000
 0.072000 0.000000 0.000000
 0.074000 0.000000 0.000000
 0.076000 0.000000 0.000000
 0.078000 0.000000 0.000000
 0.080000 0.000000 0.000000
 0.082000 0.000000 0.000000
 0.084000 0.000000 0.000000
 0.086000 0.000000 0.000000
 0.088000 0.000000 0.000000
 0.090000 0.000000 0.000000
 0.092000 0.000000 0.000000
 0.094000 0.000000 0.000000
 0.096000 0.000000 0.000000
 0.098000 0.000000 0.000000
 0.100000 0.000000 0.000000
 0.102000 0.000000 0.000000
 0.104000 0.000000 0.000000
 0.106000 0.000000 0.000000
 0.108000 0.000000 0.000000
 0.110000 0.000000 0.000000
 0.112000 0.000000 0.000000
 0.114000 0.000000 0.000000
 0.116000 0.000000 0.000000
 0.118000 0.000000 0.000000
 0.120000 0.000000 0.000000
 0.122000 0.000000 0.000000
 0.124000 0.000000 0.000000
 0.126000 0.000000 0.000000
 0.128000 0.000000 0.000000
 0.130000 0.000000 0.000000
 0.132000 0.000000 0.000000
 0.134000 0.000000 0.000000
 0.136000 0.000000 0.000000
 0.138000 0.000000 0.000000
 0.140000 0.000000 0.000000
 0.142000 0.000000 0.000000
 0.144000 0.000000 0.000000
 0.146000 0.000000 0.000000
 0.148000 0.000000 0.000000
 0.150000 0.000000 0.000000
 0.152000 0.000000 0.000000
 0.154000 0.000000 0.000000
 0.156000 0.000000 0.000000
 0.158000 0.000000 0.000000
 0.160000 0.000000 0.000000
 0.162000 0.000000 0.000000
 0.164000 0.000000 0.000000
 0.166000 0.000000 0.000000
 0.168000 0.000000 0.000000
 0.170000 0.000000 0.000000
 0.172000 0.000000 0.000000
 0.174000 0.000000 0.000000
 0.176000 0.000000 0.000000
 0.178000 0.000000 0.000000
 0.180000 0.000000 0.000000
 0.182000 0.000000 0.000000
 0.184000 0.000000 0.000000
 0.186000 0.000000 0.000000
 0.188000 0.000000 0.000000
 0.190000 0.000000 0.000000
 0.192000 0.000000 0.000000
 0.194000 0.000000 0.000000
 0.196000 0.000000 0.000000
 0.198000 0.000000 0.000000
 0.200000 0.000000 0.000000
 0.202000 0.000000 0.000000
 0.204000 0.000000 0.000000
 0.206000 0.000000 0.000137
 0.208000 0.000001 0.000445
 0.210000 0.000003 0.001005
 0.212000 0.000006 0.002067
 0.214000 0.000013 0.003932
 0.216000 0.000023 0.006944
 0.218000 0.000042 0.011846
 0.220000 0.000074 0.019492
 0.222000 0.000124 0.030607
 0.224000 0.000201 0.046242
 0.226000 0.000315 0.067289
 0.228000 0.000478 0.094793
 0.230000 0.000702 0.129137
 0.232000 0.001005 0.171252
 0.234000 0.001400 0.220865
 0.236000 0.001900 0.277527
 0.238000 0.002521 0.341850
 0.240000 0.003280 0.414859
 0.242000 0.004196 0.498358
 0.244000 0.005292 0.595093
 0.246000 0.006600 0.708888
 0.248000 0.008153 0.842088
 0.250000 0.009995 0.997889
 0.252000 0.012173 1.177538
 0.254000 0.014734 1.380096
 0.256000 0.017721 1.601413
 0.258000 0.021164 1.835217
 0.260000 0.025082 2.073936
 0.262000 0.029475 2.308463
 0.264000 0.034331 2.532407
 0.266000 0.039620 2.740032
 0.268000 0.045305 2.928464
 0.270000 0.051349 3.098654
 0.272000 0.057721 3.254975
 0.274000 0.064399 3.404524
 0.276000 0.071379 3.556586
 0.278000 0.078677 3.722308
 0.280000 0.086329 3.913535
 0.282000 0.094403 4.144121
 0.284000 0.102988 4.425571
 0.286000 0.112198 4.768882
 0.288000 0.122161 5.179205
 0.290000 0.133016 5.658293
 0.292000 0.144897 6.201905
 0.294000 0.157923 6.799642
 0.296000 0.172190 7.436293
 0.298000 0.187759 8.095112
 0.300000 0.204652 8.757309
 0.302000 0.222870 9.409789
 0.304000 0.242374 10.039073
 0.306000 0.263116 10.642284
 0.308000 0.285036 11.219282
 0.310000 0.308100 11.784002
 0.312000 0.332302 12.360660
 0.314000 0.357705 12.986777
 0.316000 0.384457 13.708436
 0.318000 0.412789 14.572045
 0.320000 0.443030 15.621377
 0.322000 0.475586 16.886535
 0.324000 0.510922 18.388584
 0.326000 0.549491 20.116782
 0.328000 0.591732 22.047974
 0.330000 0.638003 24.132572
 0.332000 0.688558 26.316013
 0.334000 0.743530 28.539251
 0.336000 0.802955 30.754375
 0.338000 0.866772 32.925617
 0.340000 0.934884 35.037862
 0.342000 1.007170 37.088807
 0.344000 1.083507 39.086200
 0.346000 1.163800 41.042309
 0.348000 1.247964 42.959149
 0.350000 1.335932 44.841031
 0.352000 1.427618 46.674856
 0.354000 1.522909 48.447958
 0.356000 1.621697 50.157371
 0.358000 1.723834 51.794172
 0.360000 1.829180 53.362192
 0.362000 1.937625 54.870598
 0.364000 2.049027 56.317065
 0.366000 2.163253 57.692101
 0.368000 2.280153 58.973912
 0.370000 2.399495 60.125465
 0.372000 2.520968 61.113101
 0.374000 2.644247 61.918354
 0.376000 2.768961 62.557946
 0.378000 2.894820 63.074925
 0.380000 3.021644 63.554120
 0.382000 3.149487 64.102008
 0.384000 3.278574 64.822497
 0.386000 3.409336 65.790221
 0.388000 3.542311 67.033615
 0.390000 3.677988 68.504600
 0.392000 3.816753 70.095231
 0.394000 3.958673 71.640850
 0.396000 4.103479 72.952715
 0.398000 4.250511 73.861538
 0.400000 4.398829 74.214254
 0.402000 4.547215 73.931063
 0.404000 4.694341 72.969204
 0.406000 4.838867 71.354026
 0.408000 4.979562 69.157098
 0.410000 5.115360 66.486957
 0.412000 5.245423 63.459160
 0.414000 5.369177 60.215192
 0.416000 5.486316 56.888455
 0.418000 5.596805 53.603110
 0.420000 5.700859 50.471310
 0.422000 5.798872 47.573836
 0.424000 5.891346 44.961694
 0.426000 5.978881 42.643137
 0.428000 6.062057 40.605616
 0.430000 6.141373 38.825562
 0.432000 6.217314 37.235758
 0.434000 6.290196 35.791196
 0.436000 6.360266 34.440147
 0.438000 6.427646 33.103818
 0.440000 6.492280 31.699289
 0.442000 6.553900 30.112298
 0.444000 6.612023 28.197672
 0.446000 6.665862 25.805653
 0.448000 6.714296 22.802432
 0.450000 6.755985 19.074422
 0.452000 6.789430 14.579800
 0.454000 6.813129 9.361287
 0.456000 6.825758 3.572220
 0.458000 6.826415 -2.564259
 0.460000 6.814695 -8.751735
 0.462000 6.790773 -14.679652
 0.464000 6.755486 -20.079184
 0.466000 6.710080 -24.740459
 0.468000 6.656167 -28.567200
 0.470000 6.595418 -31.564637
 0.472000 6.529410 -33.819600
 0.474000 6.459487 -35.493169
 0.476000 6.386609 -36.772258
 0.478000 6.311394 -37.860019
 0.480000 6.234037 -38.929348
 0.482000 6.154431 -40.124384
 0.484000 6.072172 -41.561072
 0.486000 5.986714 -43.338613
 0.488000 5.897303 -45.493050
 0.490000 5.803173 -48.050903
 0.492000 5.703535 -50.988655
 0.494000 5.597658 -54.246053
 0.496000 5.485013 -57.720128
 0.498000 5.365304 -61.285026
 0.500000 5.238527 -64.763116
 0.502000 5.105036 -67.966511
 0.504000 4.965579 -70.716484
 0.506000 4.821225 -72.853277
 0.508000 4.673324 -74.264002
 0.510000 4.523352 -74.894142
 0.512000 4.372871 -74.783738
 0.514000 4.223270 -74.030161
 0.516000 4.075694 -72.813239
 0.518000 3.930874 -71.316009
 0.520000 3.789159 -69.750049
 0.522000 3.650483 -68.293348
 0.524000 3.514491 -67.085407
 0.526000 3.380614 -66.184907
 0.528000 3.248233 -65.594373
 0.530000 3.116778 -65.244501
 0.532000 2.985869 -65.034239
 0.534000 2.855365 -64.832260
 0.536000 2.725372 -64.528857
 0.538000 2.596172 -64.024204
 0.540000 2.468235 -63.271210
 0.542000 2.342078 -62.256188
 0.544000 2.218222 -61.003997
 0.546000 2.097108 -59.555835
 0.548000 1.979063 -57.953704
 0.550000 1.864356 -56.246256
 0.552000 1.753159 -54.466398
 0.554000 1.645594 -52.633137
 0.556000 1.541754 -50.744252
 0.558000 1.441768 -48.809589
 0.560000 1.345714 -46.820997
 0.562000 1.253705 -44.780582
 0.564000 1.165822 -42.700542
 0.566000 1.082128 -40.596311
 0.568000 1.002670 -38.494336
 0.570000 0.927409 -36.406007
 0.572000 0.856331 -34.357843
 0.574000 0.789318 -32.343362
 0.576000 0.726306 -30.374108
 0.578000 0.667206 -28.448279
 0.580000 0.611931 -26.567364
 0.582000 0.560387 -24.731331
 0.584000 0.512481 -22.950460
 0.586000 0.468086 -21.233558
 0.588000 0.427051 -19.593651
 0.590000 0.389229 -18.055112
 0.592000 0.354382 -16.616294
 0.594000 0.322316 -15.290525
 0.596000 0.292805 -14.072793
 0.598000 0.265650 -12.955919
 0.600000 0.240648 -11.917682
 0.602000 0.217661 -10.950511
 0.604000 0.196559 -10.039664
 0.606000 0.177246 -9.180596
 0.608000 0.159602 -8.361144
 0.610000 0.143562 -7.591952
 0.612000 0.129017 -6.873368
 0.614000 0.115865 -6.210382
 0.616000 0.103987 -5.605085
 0.618000 0.093267 -5.059851
 0.620000 0.083584 -4.573931
 0.622000 0.074821 -4.145219
 0.624000 0.066863 -3.769553
 0.626000 0.059611 -3.443888
 0.628000 0.052976 -3.162996
 0.630000 0.046866 -2.915051
 0.632000 0.041224 -2.694402
 0.634000 0.036007 -2.493940
 0.636000 0.031177 -2.302216
 0.638000 0.026733 -2.117406
 0.640000 0.022665 -1.931975
 0.642000 0.018970 -1.742128
 0.644000 0.015661 -1.550023
 0.646000 0.012737 -1.357168
 0.648000 0.010197 -1.168428
 0.650000 0.008030 -0.988590
 0.652000 0.006211 -0.819458
 0.654000 0.004717 -0.666316
 0.656000 0.003513 -0.530943
 0.658000 0.002563 -0.414169
 0.660000 0.001829 -0.315481
 0.662000 0.001276 -0.234919
 0.664000 0.000867 -0.169968
 0.666000 0.000573 -0.119594
 0.668000 0.000369 -0.081799
 0.670000 0.000230 -0.054170
 0.672000 0.000139 -0.034738
 0.674000 0.000080 -0.020993
 0.676000 0.000045 -0.012523
 0.678000 0.000024 -0.007048
 0.680000 0.000013 -0.003861
 0.682000 0.000006 -0.002021
 0.684000 0.000003 -0.000880
 0.686000 0.000001 -0.000290
 0.688000 0.000000 0.000000
 0.690000 0.000000 0.000000
 0.692000 0.000000 0.000000
 0.694000 0.000000 0.000000
 0.696000 0.000000 0.000000
 0.698000 0.000000 0.000000
 0.700000 0.000000 0.000000
 0.702000 0.000000 0.000000
 0.704000 0.000000 0.000000
 0.706000 0.000000 0.000000
 0.708000 0.000000 0.000000
 0.710000 0.000000 0.000000
 0.712000 0.000000 0.000000
 0.714000 0.000000 0.000000
 0.716000 0.000000 0.000000
 0.718000 0.000000 0.000000
 0.720000 0.000000 0.000000
 0.722000 0.000000 0.000000
 0.724000 0.000000 0.000000
 0.726000 0.000000 0.000000
 0.728000 0.000000 0.000000
 0.730000 0.000000 0.000000
 0.732000 0.000000 0.000000
 0.734000 0.000000 0.000000
 0.736000 0.000000 0.000000
 0.738000 0.000000 0.000000
 0.740000 0.000000 0.000000
 0.742000 0.000000 0.000000
 0.744000 0.000000 0.000000
 0.746000 0.000000 0.000000
 0.748000 0.000000 0.000000
 0.750000 0.000000 0.000000
 0.752000 0.000000 0.000000
 0.754000 0.000000 0.000000
 0.756000 0.000000 0.000000
 0.758000 0.000000 0.000000
 0.760000 0.000000 0.000000
 0.762000 0.000000 0.000000
 0.764000 0.000000 0.000000
 0.766000 0.000000 0.000000
 0.768000 0.000000 0.000000
 0.770000 0.000000 0.000000
 0.772000 0.000000 0.000000
 0.774000 0.000000 0.000000
 0.776000 0.000000 0.000000
 0.778000 0.000000 0.000000
 0.780000 0.000000 0.000000
 0.782000 0.000000 0.000000
 0.784000 0.000000 0.000000
 0.786000 0.000000 0.000000
 0.788000 0.000000 0.000000
 0.790000 0.000000 0.000000
 0.792000 0.000000 0.000000
 0.794000 0.000000 0.000000
 0.796000 0.000000 0.000000
 0.798000 0.000000 0.000000
 0.800000 0.000000 0.000000
 0.802000 0.000000 0.000000
 0.804000 0.000000 0.000000
 0.806000 0.000000 0.000000
 0.808000 0.000000 0.000000
 0.810000 0.000000 0.000000
 0.812000 0.000000 0.000000
 0.814000 0.000000 0.000000
 0.816000 0.000000 0.000000
 0.818000 0.000000 0.000000
 0.820000 0.000000 0.000000
 0.822000 0.000000 0.000000
 0.824000 0.000000 0.000000
 0.826000 0.000000 0.000000
 0.828000 0.000000 0.000000
 0.830000 0.000000 0.000000
 0.832000 0.000000 0.000000
 0.834000 0.000000 0.000000
 0.836000 0.000000 0.000000
 0.838000 0.000000 0.000000
 0.840000 0.000000 0.000000
 0.842000 0.000000 0.000000
 0.844000 0.000000 0.000000
 0.846000 0.000000 0.000000
 0.848000 0.000000 0.000000
 0.850000 0.000000 0.000000
 0.852000 0.000000 0.000000
 0.854000 0.000000 0.000000
 0.856000 0.000000 0.000000
 0.858000 0.000000 0.000000
 0.860000 0.000000 0.000000
 0.862000 0.000000 0.000000
 0.864000 0.000000 0.000000
 0.866000 0.000000 0.000000
 0.868000 0.000000 0.000000
 0.870000 0.000000 0.000000
 0.872000 0.000000 0.000000
 0.874000 0.000000 0.000000
 0.876000 0.000000 0.000000
 0.878000 0.000000 0.000000
 0.880000 0.000000 0.000000
 0.882000 0.000000 0.000000
 0.884000 0.000000 0.000000
 0.886000 0.000000 0.000000
 0.888000 0.000000 0.000000
 0.890000 0.000000 0.000000
 0.892000 0.000000 0.000000
 0.894000 0.000000 0.000000
 0.896000 0.000000 0.000000
 0.898000 0.000000 0.000000
 0.900000 0.000000 0.000000
 0.902000 0.000000 0.000000
 0.904000 0.000000 0.000000
 0.906000 0.000000 0.000000
 0.908000 0.000000 0.000000
 0.910000 0.000000 0.000000
 0.912000 0.000000 0.000000
 0.914000 0.000000 0.000000
 0.916000 0.000000 0.000000
 0.918000 0.000000 0.000000
 0.920000 0.000000 0.000000
 0.922000 0.000000 0.000000
 0.924000 0.000000 0.000000
 0.926000 0.000000 0.000000
 0.928000 0.000000 0.000000
 0.930000 0.000000 0.000000
 0.932000 0.000000 0.000000
 0.934000 0.000000 0.000000
 0.936000 0.000000 0.000000
 0.938000 0.000000 0.000000
 0.940000 0.000000 0.000000
 0.942000 0.000000 0.000000
 0.944000 0.000000 0.000000
 0.946000 0.000000 0.000000
 0.948000 0.000000 0.000000
 0.950000 0.000000 0.000000
 0.952000 0.000000 0.000000
 0.954000 0.000000 0.000000
 0.956000 0.000000 0.000000
 0.958000 0.000000 0.000000
 0.960000 0.000000 0.000000
 0.962000 0.000000 0.000000
 0.964000 0.000000 0.000000
 0.966000 0.000000 0.000000
 0.968000 0.000000 0.000000
 0.970000 0.000000 0.000000
 0.972000 0.000000 0.000000
 0.974000 0.000000 0.000000
 0.976000 0.000000 0.000000
 0.978000 0.000000 0.000000
 0.980000 0.000000 0.000000
 0.982000 0.000000 0.000000
 0.984000 0.000000 0.000000
 0.986000 0.000000 0.000000
 0.988000 0.000000 0.000000
 0.990000 0.000000 0.000000
 0.992000 0.000000 0.000000
 0.994000 0.000000 0.000000
 0.996000 0.000000 0.000000
 0.998000 0.000000 0.000000
 1.000000 0.000000 0.000000
