#! FIELDS nm external.bias der_nm
#! SET min_nm -0.5
#! SET max_nm 0.5
#! SET nbins_nm  501
#! SET periodic_nm false
   -0.500000000   -0.009235344 -112.654874063
   -0.498000000    0.021887294   24.248968337
   -0.496000000   -0.008646701    1.174072914
   -0.494000000    0.009464849  -14.710006931
   -0.492000000    0.034513223   -7.867361361
   -0.490000000    0.037387565    4.576142463
   -0.488000000    0.020799455   10.505522566
   -0.486000000    0.001083279    8.050526944
   -0.484000000   -0.008433603    1.162385993
   -0.482000000   -0.003901141   -5.292995361
   -0.480000000    0.010363804   -8.272944827
   -0.478000000    0.026434309   -7.180265858
   -0.476000000    0.037163498   -3.230268208
   -0.474000000    0.038774146    1.598387292
   -0.472000000    0.031416085    5.482931981
   -0.470000000    0.018237592    7.304553207
   -0.468000000    0.003762424    6.803999760
   -0.466000000   -0.007728800    4.443374096
   -0.464000000   -0.013361841    1.112079197
   -0.462000000   -0.012195570   -2.197403245
   -0.460000000   -0.005147254   -4.655674220
   -0.458000000    0.005515508   -5.759506582
   -0.456000000    0.016896930   -5.384081595
   -0.454000000    0.026202376   -3.742444308
   -0.452000000    0.031319665   -1.283827018
   -0.450000000    0.031165031    1.434408796
   -0.448000000    0.025772561    3.870806158
   -0.446000000    0.016158615    5.597970598
   -0.444000000    0.004026551    6.362951699
   -0.442000000   -0.008608667    6.107204574
   -0.440000000   -0.019798732    4.950756360
   -0.438000000   -0.027980328    3.149905901
   -0.436000000   -0.032191875    1.039907738
   -0.434000000   -0.032170212   -1.025997299
   -0.432000000   -0.028329913   -2.731564543
   -0.430000000   -0.021644668   -3.839609471
   -0.428000000   -0.013460904   -4.217310475
   -0.426000000   -0.005278521   -3.843876231
   -0.424000000    0.001467242   -2.802192852
   -0.422000000    0.005593954   -1.257864785
   -0.420000000    0.006309275    0.569904688
   -0.418000000    0.003285797    2.440849417
   -0.416000000   -0.003328859    4.125172588
   -0.414000000   -0.012960899    5.430441254
   -0.412000000   -0.024706132    6.221280915
   -0.410000000   -0.037456683    6.430492288
   -0.408000000   -0.050041083    6.061359942
   -0.406000000   -0.061360737    5.181916370
   -0.404000000   -0.070508091    3.912687181
   -0.402000000   -0.076855431    2.409933300
   -0.400000000   -0.080107509    0.846619009
   -0.398000000   -0.080315679   -0.606706821
   -0.396000000   -0.077855341   -1.799181269
   -0.394000000   -0.073372014   -2.613521483
   -0.392000000   -0.067703892   -2.975514134
   -0.390000000   -0.061790290   -2.858604906
   -0.388000000   -0.056575824   -2.283605019
   -0.386000000   -0.052919723   -1.313980074
   -0.384000000   -0.051518307   -0.047539474
   -0.382000000   -0.052846826    1.394416012
   -0.380000000   -0.057124570    2.879311283
   -0.378000000   -0.064304779    4.275696239
   -0.376000000   -0.074088626    5.464741020
   -0.374000000   -0.085960501    6.349917301
   -0.372000000   -0.099240266    6.864189094
   -0.370000000   -0.113147031    6.974301058
   -0.368000000   -0.126868463    6.682023546
   -0.366000000   -0.139629623    6.022469475
   -0.364000000   -0.150755769    5.059820377
   -0.362000000   -0.159724439    3.880974316
   -0.360000000   -0.166203271    2.587748270
   -0.358000000   -0.170071355    1.288328968
   -0.356000000   -0.171423325    0.088670234
   -0.354000000   -0.170556737   -0.915512872
   -0.352000000   -0.167944509   -1.645594042
   -0.350000000   -0.164195191   -2.045294741
   -0.348000000   -0.160004560   -2.084062119
   -0.346000000   -0.156102469   -1.758429547
   -0.344000000   -0.153198993   -1.091374916
   -0.342000000   -0.151933741   -0.129830557
   -0.340000000   -0.152831777    1.059383501
   -0.338000000   -0.156268961    2.394840502
   -0.336000000   -0.162448708    3.786579760
   -0.334000000   -0.171391320    5.142521235
   -0.332000000   -0.182936110    6.374775660
   -0.330000000   -0.196755693    7.405436560
   -0.328000000   -0.212381038    8.171497644
   -0.326000000   -0.229235249    8.628615141
   -0.324000000   -0.246673532    8.753523691
   -0.322000000   -0.264026579    8.545009827
   -0.320000000   -0.280644427    8.023442631
   -0.318000000   -0.295938025    7.228950946
   -0.316000000   -0.309415916    6.218415623
   -0.314000000   -0.320713924    5.061509543
   -0.312000000   -0.329616191    3.836064896
   -0.310000000   -0.336066530    2.623074645
   -0.308000000   -0.340169679    1.501642984
   -0.306000000   -0.342182665    0.544188632
   -0.304000000   -0.342497052   -0.187823229
   -0.302000000   -0.341613385   -0.647387091
   -0.300000000   -0.340109538   -0.804521708
   -0.298000000   -0.338604976   -0.647774831
   -0.296000000   -0.337723122   -0.184614723
   -0.294000000   -0.338054042    0.559279933
   -0.292000000   -0.340119607    1.541758826
   -0.290000000   -0.344343046    2.706840050
   -0.288000000   -0.351024552    3.988078659
   -0.286000000   -0.360324174    5.312457137
   -0.284000000   -0.372252829    6.604569768
   -0.282000000   -0.386671775    7.790864540
   -0.280000000   -0.403300439    8.803710743
   -0.278000000   -0.421732014    9.585077007
   -0.276000000   -0.441455869   10.089631667
   -0.274000000   -0.461885454   10.287113312
   -0.272000000   -0.482390115   10.163861870
   -0.270000000   -0.502329081    9.723447191
   -0.268000000   -0.521085783    8.986380287
   -0.266000000   -0.538100711    7.988939791
   -0.264000000   -0.552901088    6.781190336
   -0.262000000   -0.565125875    5.424308542
   -0.260000000   -0.574544851    3.987364332
   -0.258000000   -0.581070860    2.543729083
   -0.256000000   -0.584764642    1.167296886
   -0.254000000   -0.585832097   -0.071289563
   -0.252000000   -0.584614145   -1.108221015
   -0.250000000   -0.581569775   -1.889737214
   -0.248000000   -0.577253148   -2.374822442
   -0.246000000   -0.572285947   -2.537255242
   -0.244000000   -0.567326344   -2.366919459
   -0.242000000   -0.563036143   -1.870320201
   -0.240000000   -0.560047693   -1.070286651
   -0.238000000   -0.558932210   -0.004881936
   -0.236000000   -0.560171010    1.274423151
   -0.234000000   -0.564131076    2.705222549
   -0.232000000   -0.571046104    4.217174839
   -0.230000000   -0.581003971    5.735389412
   -0.228000000   -0.593941226    7.184041607
   -0.226000000   -0.609644901    8.490050781
   -0.224000000   -0.627761610    9.586653976
   -0.222000000   -0.647813542   10.416713802
   -0.220000000   -0.669220692   10.935612092
   -0.218000000   -0.691328346   11.113599962
   -0.216000000   -0.713438641   10.937499243
   -0.214000000   -0.734844800   10.411678752
   -0.212000000   -0.754866573    9.558260142
   -0.210000000   -0.772885287    8.416540927
   -0.208000000   -0.788376984    7.041655165
   -0.206000000   -0.800942162    5.502523979
   -0.204000000   -0.810330760    3.879177302
   -0.202000000   -0.816461257    2.259553764
   -0.200000000   -0.819432948    0.735906613
   -0.198000000   -0.819530760   -0.599040813
   -0.196000000   -0.817222250   -1.656036804
   -0.194000000   -0.813146759   -2.353183336
   -0.192000000   -0.808096987   -2.619604209
   -0.190000000   -0.802993572   -2.398753590
   -0.188000000   -0.798853518   -1.651233436
   -0.186000000   -0.796753575   -0.357007307
   -0.184000000   -0.797789878    1.483078684
   -0.182000000   -0.803035283    3.846530766
   -0.180000000   -0.813495966    6.689232665
   -0.178000000   -0.830068864    9.946265993
   -0.176000000   -0.853501542   13.533501413
   -0.174000000   -0.884355962   17.349907858
   -0.172000000   -0.922977531   21.280501104
   -0.170000000   -0.969470603   25.199830038
   -0.168000000   -1.023681385   28.975880010
   -0.166000000   -1.085188965   32.474258176
   -0.164000000   -1.153304865   35.562516273
   -0.162000000   -1.227081257   38.114462096
   -0.160000000   -1.305327665   40.014312012
   -0.158000000   -1.386635698   41.160543179
   -0.156000000   -1.469411073   41.469315356
   -0.154000000   -1.551911958   40.877347774
   -0.152000000   -1.632292439   39.344155981
   -0.150000000   -1.708649763   36.853576038
   -0.148000000   -1.779073872   33.414528134
   -0.146000000   -1.841697680   29.060997711
   -0.144000000   -1.894746537   23.851238605
   -0.142000000   -1.936585343   17.866228646
   -0.140000000   -1.965761867   11.207432628
   -0.138000000   -1.981044965    3.993949920
   -0.136000000   -1.981456551   -3.640856690
   -0.134000000   -1.966296411  -11.553138465
   -0.132000000   -1.935159148  -19.592620249
   -0.130000000   -1.887942836  -27.606810328
   -0.128000000   -1.824849226  -35.445225927
   -0.126000000   -1.746375582  -42.963501234
   -0.124000000   -1.653298539  -50.027250775
   -0.122000000   -1.546650567  -56.515571061
   -0.120000000   -1.427689888  -62.324077163
   -0.118000000   -1.297864854  -67.367387791
   -0.116000000   -1.158773967  -71.580991888
   -0.114000000   -1.012122820  -74.922451038
   -0.112000000   -0.859679327  -77.371914321
   -0.110000000   -0.703228599  -78.931944930
   -0.108000000   -0.544528859  -79.626680097
   -0.106000000   -0.385269648  -79.500366908
   -0.104000000   -0.227033550  -78.615335826
   -0.102000000   -0.071262463  -77.049490448
   -0.100000000    0.080770708  -74.893405879
   -0.098000000    0.227984236  -72.247138511
   -0.096000000    0.369503193  -69.216856857
   -0.094000000    0.504668234  -65.911406141
   -0.092000000    0.633037548  -62.438918614
   -0.090000000    0.754382160  -58.903577147
   -0.088000000    0.868675001  -55.402631783
   -0.086000000    0.976074332  -52.023757946
   -0.084000000    1.076902300  -48.842831333
   -0.082000000    1.171619503  -45.922178664
   -0.080000000    1.260796573  -43.309346053
   -0.078000000    1.345083833  -41.036408350
   -0.076000000    1.425180116  -39.119824081
   -0.074000000    1.501801837  -37.560822161
   -0.072000000    1.575653340  -36.346289045
   -0.070000000    1.647399480  -35.450108955
   -0.068000000    1.717641293  -34.834895742
   -0.066000000    1.786895458  -34.454043364
   -0.064000000    1.855578114  -34.254013047
   -0.062000000    1.923993412  -34.176769404
   -0.060000000    1.992327014  -34.162275009
   -0.058000000    2.060644565  -34.150953433
   -0.056000000    2.128894985  -34.086034262
   -0.054000000    2.196918272  -33.915700065
   -0.052000000    2.264457331  -33.594964375
   -0.050000000    2.331173245  -33.087221063
   -0.048000000    2.396663278  -32.365418657
   -0.046000000    2.460480822  -31.412827684
   -0.044000000    2.522156451  -30.223384419
   -0.042000000    2.581219247  -28.801610055
   -0.040000000    2.637217542  -27.162119592
   -0.038000000    2.689738293  -25.328749319
   -0.036000000    2.738424371  -23.333344960
   -0.034000000    2.782989115  -21.214264066
   -0.032000000    2.823227677  -19.014655613
   -0.030000000    2.859024743  -16.780586767
   -0.028000000    2.890358428  -14.559091117
   -0.026000000    2.917300251  -12.396214299
   -0.024000000    2.940011251  -10.335131830
   -0.022000000    2.958734489   -8.414410131
   -0.020000000    2.973784249   -6.666475367
   -0.018000000    2.985532448   -5.116346184
   -0.016000000    2.994392806   -3.780675823
   -0.014000000    3.000803445   -2.667137046
   -0.012000000    3.005208606   -1.774170101
   -0.010000000    3.008040249   -1.091100169
   -0.008000000    3.009700239   -0.598616756
   -0.006000000    3.010543839   -0.269593975
   -0.004000000    3.010865164   -0.070217921
   -0.002000000    3.010885150    0.038624044
    0.000000000    3.010742525    0.099746990
    0.002000000    3.010488127    0.157927634
    0.004000000    3.010082791    0.258086926
    0.006000000    3.009398889    0.443466694
    0.008000000    3.008225461    0.753871258
    0.010000000    3.006276747    1.224042488
    0.012000000    3.003203775    1.882231923
    0.014000000    2.998608559    2.749026226
    0.016000000    2.992060365    3.836472910
    0.018000000    2.983113379    5.147542122
    0.020000000    2.971325104    6.675947743
    0.022000000    2.956274742    8.406337617
    0.024000000    2.937580836   10.314848836
    0.026000000    2.914917437   12.370010131
    0.028000000    2.888028160   14.533960132
    0.030000000    2.856737507   16.763937935
    0.032000000    2.820958994   19.013991658
    0.034000000    2.780699690   21.236841667
    0.036000000    2.736060927   23.385828481
    0.038000000    2.687235105   25.416871099
    0.040000000    2.634498618   27.290359906
    0.042000000    2.578201132   28.972909492
    0.044000000    2.518751554   30.438900619
    0.046000000    2.456601181   31.671747101
    0.048000000    2.392224641   32.664832388
    0.050000000    2.326099321   33.422071738
    0.052000000    2.258684082   33.958068865
    0.054000000    2.190398074   34.297850212
    0.056000000    2.121600511   34.476175218
    0.058000000    2.052572242   34.536436504
    0.060000000    1.983499897   34.529179243
    0.062000000    1.914463356   34.510283655
    0.064000000    1.845427130   34.538867946
    0.066000000    1.776236165   34.674980617
    0.068000000    1.706616407   34.977160569
    0.070000000    1.636180306   35.499950257
    0.072000000    1.564437270   36.291451209
    0.074000000    1.490808886   37.391012175
    0.076000000    1.414648563   38.827137992
    0.078000000    1.335265062   40.615701949
    0.080000000    1.251949241   42.758536060
    0.082000000    1.164003178   45.242462528
    0.084000000    1.070770761   48.038816077
    0.086000000    0.971668701   51.103491122
    0.088000000    0.866216914   54.377530540
    0.090000000    0.754067186   57.788254568
    0.092000000    0.635029053   61.250909679
    0.094000000    0.509091893   64.670798930
    0.096000000    0.376442324   67.945837708
    0.098000000    0.237476122   70.969462746
    0.100000000    0.092804038   73.633808321
    0.102000000   -0.056748922   75.833052140
    0.104000000   -0.210150994   77.466825074
    0.106000000   -0.366177939   78.443573952
    0.108000000   -0.523433918   78.683765281
    0.110000000   -0.680378518   78.122820226
    0.112000000   -0.835359296   76.713677369
    0.114000000   -0.986648993   74.428889594
    0.116000000   -1.132486410   71.262174679
    0.118000000   -1.271119789   67.229355360
    0.120000000   -1.400851413   62.368643400
    0.122000000   -1.520082104   56.740242837
    0.124000000   -1.627354241   50.425269531
    0.126000000   -1.721391947   43.524006636
    0.128000000   -1.801137154   36.153537904
    0.130000000   -1.865780367   28.444822083
    0.132000000   -1.914785083   20.539291273
    0.134000000   -1.947905015   12.585073343
    0.136000000   -1.965193475    4.732952675
    0.138000000   -1.967004527   -2.867805919
    0.140000000   -1.953985753  -10.073638709
    0.142000000   -1.927062765  -16.750736356
    0.144000000   -1.887415850  -22.778837630
    0.146000000   -1.836449391  -28.054638920
    0.148000000   -1.775754945  -32.494705984
    0.150000000   -1.707069087  -36.037789540
    0.152000000   -1.632227277  -38.646465000
    0.154000000   -1.553115183  -40.308038411
    0.156000000   -1.471618949  -41.034684672
    0.158000000   -1.389575968  -40.862809648
    0.160000000   -1.308727693  -39.851653999
    0.162000000   -1.230675963  -38.081182428
    0.164000000   -1.156844213  -35.649326805
    0.166000000   -1.088444764  -32.668674250
    0.168000000   -1.026453208  -29.262711023
    0.170000000   -0.971590643  -25.561749100
    0.172000000   -0.924314249  -21.698674102
    0.174000000   -0.884816441  -17.804660225
    0.176000000   -0.853032487  -14.004999635
    0.178000000   -0.828656244  -10.415190434
    0.180000000   -0.811163336   -7.137418598
    0.182000000   -0.799840880   -4.257555699
    0.184000000   -0.793822603   -1.842775973
    0.186000000   -0.792128048    0.060125854
    0.188000000   -0.793704383    1.425660006
    0.190000000   -0.797469283    2.249782051
    0.192000000   -0.802353308    2.549249020
    0.194000000   -0.807340229    2.360221230
    0.196000000   -0.811503850    1.736168240
    0.198000000   -0.814040014    0.745163784
    0.200000000   -0.814292677   -0.533322044
    0.202000000   -0.811773171   -2.012005562
    0.204000000   -0.806172042   -3.599604796
    0.206000000   -0.797363148   -5.204735521
    0.208000000   -0.785400019   -6.739732950
    0.210000000   -0.770504774   -8.124246629
    0.212000000   -0.753050193   -9.288464975
    0.214000000   -0.733535820  -10.175840574
    0.216000000   -0.712559212  -10.745207403
    0.218000000   -0.690783626  -10.972205898
    0.220000000   -0.668903606  -10.849960189
    0.222000000   -0.647609976  -10.388982943
    0.224000000   -0.627555801   -9.616315695
    0.226000000   -0.609324799   -8.573945071
    0.228000000   -0.593403581   -7.316566562
    0.230000000   -0.580158944   -5.908796044
    0.232000000   -0.569821183   -4.421953949
    0.234000000   -0.562474149   -2.930566536
    0.236000000   -0.558052452   -1.508742323
    0.238000000   -0.556345901   -0.226588563
    0.240000000   -0.557010934    0.853167726
    0.242000000   -0.559588466    1.678197387
    0.244000000   -0.563527297    2.209083525
    0.246000000   -0.568211938    2.421212429
    0.248000000   -0.572993518    2.305948263
    0.250000000   -0.577222272    1.871031113
    0.252000000   -0.580280019    1.140173737
    0.254000000   -0.581611048    0.151870074
    0.256000000   -0.580749869   -1.042533573
    0.258000000   -0.577344434   -2.381417397
    0.260000000   -0.571173654   -3.795996718
    0.262000000   -0.562158290   -5.213812070
    0.264000000   -0.550364620   -6.562430895
    0.266000000   -0.536000645   -7.773177200
    0.268000000   -0.519404963   -8.784700403
    0.270000000   -0.501028823   -9.546198681
    0.272000000   -0.481412224  -10.020125589
    0.274000000   -0.461155239  -10.184231159
    0.276000000   -0.440886024  -10.032819395
    0.278000000   -0.421227173   -9.577141774
    0.280000000   -0.402762176   -8.844889396
    0.282000000   -0.386003798   -7.878792875
    0.284000000   -0.371366098   -6.734386569
    0.286000000   -0.359141686   -5.477040021
    0.288000000   -0.349485518   -4.178401843
    0.290000000   -0.342406255   -2.912437602
    0.292000000   -0.337765769   -1.751270995
    0.294000000   -0.335286983   -0.761055209
    0.296000000   -0.334569741    0.001892907
    0.298000000   -0.335113952    0.494470018
    0.300000000   -0.336348839    0.689468699
    0.302000000   -0.337666695    0.577391060
    0.304000000   -0.338459294    0.167262985
    0.306000000   -0.338154859   -0.513628732
    0.308000000   -0.336253405   -1.421094359
    0.310000000   -0.332358306   -2.496448592
    0.312000000   -0.326202083   -3.669857531
    0.314000000   -0.317664697   -4.864454687
    0.316000000   -0.306783022   -6.001001706
    0.318000000   -0.293750673   -7.002826474
    0.320000000   -0.278907925   -7.800742172
    0.322000000   -0.262722076   -8.337638352
    0.324000000   -0.245759195   -8.572441005
    0.326000000   -0.228648835   -8.483163756
    0.328000000   -0.212043737   -8.068816503
    0.330000000   -0.196577014   -7.349999452
    0.332000000   -0.182819551   -6.368087031
    0.334000000   -0.171240456   -5.182993615
    0.336000000   -0.162173336   -3.869606548
    0.338000000   -0.155790903   -2.513065973
    0.340000000   -0.152089950   -1.203159200
    0.342000000   -0.150888146   -0.028173455
    0.344000000   -0.151833334    0.931391217
    0.346000000   -0.154425189    1.608812914
    0.348000000   -0.158048178    1.956400434
    0.350000000   -0.162013949    1.949589685
    0.352000000   -0.165610439    1.589522464
    0.354000000   -0.168154389    0.903832809
    0.356000000   -0.169043497   -0.054520164
    0.358000000   -0.167804239   -1.210399251
    0.360000000   -0.164131517   -2.471494376
    0.362000000   -0.157916648   -3.734913249
    0.364000000   -0.149260915   -4.894941430
    0.366000000   -0.138472886   -5.851432135
    0.368000000   -0.126048824   -6.518193929
    0.370000000   -0.112636912   -6.830694142
    0.372000000   -0.098987305   -6.752395936
    0.374000000   -0.085891425   -6.279103056
    0.376000000   -0.074114979   -5.440799874
    0.378000000   -0.064330118   -4.300642691
    0.380000000   -0.057052586   -2.950973384
    0.382000000   -0.052589738   -1.506475592
    0.384000000   -0.051004807   -0.094859125
    0.386000000   -0.052101757    1.154281261
    0.388000000   -0.055433525    2.121555236
    0.390000000   -0.060334527    2.709759672
    0.392000000   -0.065976062    2.854600554
    0.394000000   -0.071440932    2.532998183
    0.396000000   -0.075811363    1.767930105
    0.398000000   -0.078262451    0.628993750
    0.400000000   -0.078152018   -0.771789549
    0.402000000   -0.075097237   -2.288973028
    0.404000000   -0.069028797   -3.757030044
    0.406000000   -0.060214801   -5.007069170
    0.408000000   -0.049249052   -5.885448497
    0.410000000   -0.037001748   -6.272414060
    0.412000000   -0.024534638   -6.098630949
    0.414000000   -0.012987053   -5.357423379
    0.416000000   -0.003443438   -4.110735297
    0.418000000    0.003203441   -2.487289594
    0.420000000    0.006377076   -0.672157804
    0.422000000    0.005912396    1.112084165
    0.424000000    0.002105831    2.631320406
    0.426000000   -0.004291725    3.670525142
    0.428000000   -0.012145027    4.065547472
    0.430000000   -0.020065775    3.731754725
    0.432000000   -0.026594204    2.684899569
    0.434000000   -0.030410918    1.049840528
    0.436000000   -0.030551078   -0.946274566
    0.438000000   -0.026587856   -2.998021302
    0.440000000   -0.018751061   -4.762154254
    0.442000000   -0.007951194   -5.910860479
    0.444000000    0.004310482   -6.191142035
    0.446000000    0.016149173   -5.480987713
    0.448000000    0.025603757   -3.831268625
    0.450000000    0.031004071   -1.482144964
    0.452000000    0.031337551    1.155226671
    0.454000000    0.026540161    3.556375669
    0.456000000    0.017633818    5.178241731
    0.458000000    0.006645980    5.579585477
    0.460000000   -0.003720483    4.545999767
    0.462000000   -0.010647991    2.190010161
    0.464000000   -0.011912025   -1.007628943
    0.466000000   -0.006586072   -4.246510216
    0.468000000    0.004457213   -6.563074703
    0.470000000    0.018462701   -7.088090275
    0.472000000    0.031292932   -5.361975878
    0.474000000    0.038549128   -1.622652324
    0.476000000    0.037140798    3.056214472
    0.478000000    0.026868804    6.911312370
    0.480000000    0.011343920    8.017446590
    0.482000000   -0.002531081    5.178480621
    0.484000000   -0.007054015   -1.050533253
    0.486000000    0.002022709   -7.738965595
    0.488000000    0.021051001  -10.169914827
    0.490000000    0.037167745   -4.484504289
    0.492000000    0.034512098    7.555322871
    0.494000000    0.010330661   14.244138430
    0.496000000   -0.007294876   -1.056960741
    0.498000000    0.022127258  -23.449535411
    0.500000000   -0.007890498  108.951302340
