#! FIELDS d1 external1.bias der_d1
#! SET min_d1 0
#! SET max_d1 3
#! SET nbins_d1  601
#! SET periodic_d1 false
    0.000000000   -0.232753329 -361.335412543
    0.005000000    0.162530583   66.185630125
    0.010000000   -0.179559519   42.795408706
    0.015000000   -0.202003268  -28.043321456
    0.020000000    0.009185965  -47.094434854
    0.025000000    0.198025688  -24.117162913
    0.030000000    0.233706744    9.261682464
    0.035000000    0.125843653   30.914446132
    0.040000000   -0.043449951   33.739168240
    0.045000000   -0.186071964   21.427073496
    0.050000000   -0.246442584    2.334850493
    0.055000000   -0.212009934  -15.302893437
    0.060000000   -0.105187709  -25.997152495
    0.065000000    0.032874011  -27.740317586
    0.070000000    0.158806604  -21.501057865
    0.075000000    0.239290086  -10.127000380
    0.080000000    0.257425754    2.848976582
    0.085000000    0.213575506   14.192444658
    0.090000000    0.122126268   21.602283465
    0.095000000    0.006004381   23.980897311
    0.100000000   -0.109364321   21.399744553
    0.105000000   -0.201356099   14.855593970
    0.110000000   -0.253921506    5.918720000
    0.115000000   -0.259516348   -3.638827287
    0.120000000   -0.219265706  -12.169484877
    0.125000000   -0.141698703  -18.391034883
    0.130000000   -0.040531076  -21.525623861
    0.135000000    0.067994667  -21.339396238
    0.140000000    0.167749379  -18.098372520
    0.145000000    0.244974717  -12.463696889
    0.150000000    0.289918748   -5.351922578
    0.155000000    0.297737000    2.215298807
    0.160000000    0.268659101    9.251685971
    0.165000000    0.207510245   14.921911984
    0.170000000    0.122737253   18.623134782
    0.175000000    0.025120653   20.028892157
    0.180000000   -0.073640251   19.096551837
    0.185000000   -0.162297942   16.043159808
    0.190000000   -0.231242278   11.296947645
    0.195000000   -0.273400313    5.432976582
    0.200000000   -0.284792764   -0.898446552
    0.205000000   -0.264731264   -7.042641546
    0.210000000   -0.215677171  -12.404084940
    0.215000000   -0.142811778  -16.497652255
    0.220000000   -0.053387872  -18.984464374
    0.225000000    0.044056355  -19.691033947
    0.230000000    0.140537754  -18.612030907
    0.235000000    0.227444760  -15.898326646
    0.240000000    0.297262718  -11.832974463
    0.245000000    0.344155743   -6.798418299
    0.250000000    0.364370106   -1.238503467
    0.255000000    0.356442112    4.381172298
    0.260000000    0.321210407    9.611328648
    0.265000000    0.261647728   14.052754934
    0.270000000    0.182539198   17.383641245
    0.275000000    0.090043100   19.379087943
    0.280000000   -0.008824782   19.922106483
    0.285000000   -0.106740376   19.006096362
    0.290000000   -0.196612713   16.729374062
    0.295000000   -0.272080206   13.282811519
    0.300000000   -0.327930781    8.931996805
    0.305000000   -0.360422497    3.995551951
    0.310000000   -0.367489743   -1.178664985
    0.315000000   -0.348828713   -6.237773827
    0.320000000   -0.305864089  -10.846932812
    0.325000000   -0.241606171  -14.709889484
    0.330000000   -0.160413857  -17.585938906
    0.335000000   -0.067683486  -19.302516243
    0.340000000    0.030513368  -19.762975509
    0.345000000    0.127818624  -18.949425275
    0.350000000    0.217978533  -16.920787929
    0.355000000    0.295213717  -13.806507634
    0.360000000    0.354548145   -9.796543078
    0.365000000    0.392080427   -5.128437953
    0.370000000    0.405184985   -0.072361915
    0.375000000    0.392635318    5.084941906
    0.380000000    0.354646200   10.056376768
    0.385000000    0.292836189   14.570010813
    0.390000000    0.210115931   18.383122937
    0.395000000    0.110511285   21.294133391
    0.400000000   -0.001066863   23.151927112
    0.405000000   -0.119092158   23.862240839
    0.410000000   -0.237716561   23.390951577
    0.415000000   -0.351072796   21.764265474
    0.420000000   -0.453570265   19.065955528
    0.425000000   -0.540170342   15.431927678
    0.430000000   -0.606628601   11.042503196
    0.435000000   -0.649693714    6.112887856
    0.440000000   -0.667255251    0.882353432
    0.445000000   -0.658435316   -4.397315515
    0.450000000   -0.623621738   -9.473555890
    0.455000000   -0.564443249  -14.104411551
    0.460000000   -0.483689628  -18.069085639
    0.465000000   -0.385182060  -21.177238789
    0.470000000   -0.273600869  -23.276689472
    0.475000000   -0.154279304  -24.259259464
    0.480000000   -0.032973092  -24.064599339
    0.485000000    0.084383912  -22.681921734
    0.490000000    0.191927534  -20.149660003
    0.495000000    0.284104383  -16.553153378
    0.500000000    0.355896809  -12.020533903
    0.505000000    0.403023271   -6.717052956
    0.510000000    0.422107034   -0.838134401
    0.515000000    0.410807616    5.398523628
    0.520000000    0.367911064   11.761456008
    0.525000000    0.293376912   18.014198848
    0.530000000    0.188341351   23.923978329
    0.535000000    0.055077819   29.270000122
    0.540000000   -0.103082232   33.851050469
    0.545000000   -0.281864344   37.492160059
    0.550000000   -0.476196589   40.050128809
    0.555000000   -0.680379570   41.417761256
    0.560000000   -0.888274159   41.526716369
    0.565000000   -1.093499918   40.348930108
    0.570000000   -1.289637085   37.896621825
    0.575000000   -1.470425163   34.220945064
    0.580000000   -1.629951583   29.409387744
    0.585000000   -1.762824538   23.582064926
    0.590000000   -1.864324866   16.887078433
    0.595000000   -1.930532807    9.495140803
    0.600000000   -1.958426478    1.593676193
    0.605000000   -1.945950012   -6.619382223
    0.610000000   -1.892050367  -14.941879711
    0.615000000   -1.796682942  -23.173601963
    0.620000000   -1.660787095  -31.122116198
    0.625000000   -1.486233632  -38.608116657
    0.630000000   -1.275747130  -45.470125101
    0.635000000   -1.032806614  -51.568425874
    0.640000000   -0.761528678  -56.788146383
    0.645000000   -0.466537459  -61.041426393
    0.650000000   -0.152826097  -64.268652101
    0.655000000    0.174385644  -66.438762574
    0.660000000    0.509793036  -67.548665727
    0.665000000    0.848143039  -67.621827802
    0.670000000    1.184361999  -66.706123600
    0.675000000    1.513670978  -64.871053854
    0.680000000    1.831685833  -62.204450922
    0.685000000    2.134499817  -58.808803954
    0.690000000    2.418747138  -54.797340080
    0.695000000    2.681646605  -50.289998790
    0.700000000    2.921025150  -45.409432977
    0.705000000    3.135321691  -40.277162381
    0.710000000    3.323572387  -35.009993793
    0.715000000    3.485378865  -29.716808071
    0.720000000    3.620861482  -24.495797224
    0.725000000    3.730600037  -19.432216332
    0.730000000    3.815564623  -14.596695410
    0.735000000    3.877039500  -10.044136360
    0.740000000    3.916542927   -5.813200255
    0.745000000    3.935745883   -1.926371279
    0.750000000    3.936392485    1.609434058
    0.755000000    3.920224728    4.801759579
    0.760000000    3.888913870    7.671064748
    0.765000000    3.844000497   10.248814434
    0.770000000    3.786844884   12.575283300
    0.775000000    3.718588868   14.697160432
    0.780000000    3.640130015   16.665042433
    0.785000000    3.552108418   18.530902963
    0.790000000    3.454906026   20.345623778
    0.795000000    3.348658000   22.156666936
    0.800000000    3.233275195   24.005960234
    0.805000000    3.108476560   25.928058474
    0.810000000    2.973829925   27.948632166
    0.815000000    2.828799441   30.083323172
    0.820000000    2.672797773   32.336993985
    0.825000000    2.505241019   34.703384204
    0.830000000    2.325604339   37.165174714
    0.835000000    2.133476256   39.694447530
    0.840000000    1.928609722   42.253517474
    0.845000000    1.710968161   44.796101233
    0.850000000    1.480764915   47.268780062
    0.855000000    1.238494753   49.612704755
    0.860000000    0.984956355   51.765485566
    0.865000000    0.721265028   53.663205722
    0.870000000    0.448855162   55.242495019
    0.875000000    0.169472310   56.442599712
    0.880000000   -0.114844943   57.207386504
    0.885000000   -0.401792845   57.487221725
    0.890000000   -0.688839312   57.240671670
    0.895000000   -0.973268713   56.435976312
    0.900000000   -1.252233377   55.052256041
    0.905000000   -1.522810390   53.080419388
    0.910000000   -1.782062144   50.523748739
    0.915000000   -2.027098966   47.398150395
    0.920000000   -2.255142161   43.732064888
    0.925000000   -2.463585754   39.566042834
    0.930000000   -2.650055314   34.952000617
    0.935000000   -2.812462291   29.952178582
    0.940000000   -2.949052475   24.637831997
    0.945000000   -3.058447301   19.087691606
    0.950000000   -3.139676983   13.386236060
    0.955000000   -3.192204626    7.621822678
    0.960000000   -3.215940743    1.884725873
    0.965000000   -3.211247842   -3.734865908
    0.970000000   -3.178934997   -9.148843734
    0.975000000   -3.120242579  -14.273112402
    0.980000000   -3.036817564  -19.029417894
    0.985000000   -2.930680067  -23.347024260
    0.990000000   -2.804181943  -27.164200710
    0.995000000   -2.659958508  -30.429485188
    1.000000000   -2.500874549  -33.102696943
    1.005000000   -2.329965953  -35.155677358
    1.010000000   -2.150378334  -36.572745416
    1.015000000   -1.965304116  -37.350861497
    1.020000000   -1.777919522  -37.499500463
    1.025000000   -1.591322910  -37.040242045
    1.030000000   -1.408475837  -36.006093301
    1.035000000   -1.232148132  -34.440564047
    1.040000000   -1.064868165  -32.396521721
    1.045000000   -0.908879316  -29.934856867
    1.050000000   -0.766103533  -27.122994279
    1.055000000   -0.638112627  -24.033287784
    1.060000000   -0.526107812  -20.741338553
    1.065000000   -0.430907751  -17.324277754
    1.070000000   -0.352945202  -13.859054245
    1.075000000   -0.292272123  -10.420766977
    1.080000000   -0.248572925   -7.081079732
    1.085000000   -0.221185378   -3.906753013
    1.090000000   -0.209128488   -0.958324288
    1.095000000   -0.211136558    1.711036484
    1.100000000   -0.225698476    4.056473884
    1.105000000   -0.251101212    6.042179672
    1.110000000   -0.285476416    7.641899539
    1.115000000   -0.326848972    8.839208072
    1.120000000   -0.373186348    9.627551625
    1.125000000   -0.422447586   10.010064226
    1.130000000   -0.472630824    9.999166859
    1.135000000   -0.521818308    9.615965230
    1.140000000   -0.568217925    8.889465492
    1.145000000   -0.610200411    7.855631109
    1.150000000   -0.646331492    6.556307183
    1.155000000   -0.675398387    5.038040938
    1.160000000   -0.696430205    3.350828752
    1.165000000   -0.708711968    1.546820995
    1.170000000   -0.711792111   -0.320983882
    1.175000000   -0.705483495   -2.200025190
    1.180000000   -0.689858101   -4.039416235
    1.185000000   -0.665235723   -5.791103396
    1.190000000   -0.632167115   -7.410923023
    1.195000000   -0.591412153   -8.859534223
    1.200000000   -0.543913681  -10.103209121
    1.205000000   -0.490767799  -11.114466009
    1.210000000   -0.433191392  -11.872534894
    1.215000000   -0.372487771  -12.363649190
    1.220000000   -0.310011296  -12.581161540
    1.225000000   -0.247131850  -12.525485970
    1.230000000   -0.185200026  -12.203872595
    1.235000000   -0.125513845  -11.630024888
    1.240000000   -0.069287744  -10.823572964
    1.245000000   -0.017624535   -9.809419379
    1.250000000    0.028509097   -8.616976513
    1.255000000    0.068303049   -7.279316666
    1.260000000    0.101119832   -5.832257508
    1.265000000    0.126505925   -4.313406471
    1.270000000    0.144198293   -2.761188002
    1.275000000    0.154126046   -1.213877423
    1.280000000    0.156407339    0.291335660
    1.285000000    0.151341704    1.719232717
    1.290000000    0.139398123    3.037380527
    1.295000000    0.121199249    4.216856571
    1.300000000    0.097502253    5.232870430
    1.305000000    0.069176850    6.065268884
    1.310000000    0.037181111    6.698915485
    1.315000000    0.002535701    7.123938580
    1.320000000   -0.033702782    7.335845072
    1.325000000   -0.070468708    7.335500424
    1.330000000   -0.106713883    7.128978648
    1.335000000   -0.141432961    6.727288998
    1.340000000   -0.173687196    6.145988874
    1.345000000   -0.202626000    5.404694976
    1.350000000   -0.227505831    4.526506852
    1.355000000   -0.247706016    3.537358806
    1.360000000   -0.262741186    2.465317448
    1.365000000   -0.272270100    1.339843098
    1.370000000   -0.276100732    0.191033725
    1.375000000   -0.274191561   -0.951129910
    1.380000000   -0.266649142   -2.057519656
    1.385000000   -0.253722072   -3.100558540
    1.390000000   -0.235791597   -4.054866357
    1.395000000   -0.213359152   -4.897837782
    1.400000000   -0.187031205   -5.610140402
    1.405000000   -0.157501838   -6.176122247
    1.410000000   -0.125533522   -6.584120819
    1.415000000   -0.091936621   -6.826668113
    1.420000000   -0.057548124   -6.900588755
    1.425000000   -0.023210163   -6.806991010
    1.430000000    0.010251165   -6.551152993
    1.435000000    0.042046153   -6.142308892
    1.440000000    0.071440535   -5.593342351
    1.445000000    0.097772788   -4.920396220
    1.450000000    0.120469303   -4.142409784
    1.455000000    0.139057079   -3.280596067
    1.460000000    0.153173687   -2.357873069
    1.465000000    0.162574305   -1.398263641
    1.470000000    0.167135706   -0.426279174
    1.475000000    0.166857151    0.533697538
    1.480000000    0.161858235    1.458015220
    1.485000000    0.152373775    2.324328328
    1.490000000    0.138745935    3.112129031
    1.495000000    0.121413812    3.803224677
    1.500000000    0.100900809    4.382149978
    1.505000000    0.077800115    4.836504937
    1.510000000    0.052758702    5.157211444
    1.515000000    0.026460257    5.338683591
    1.520000000   -0.000392524    5.378908909
    1.525000000   -0.027095815    5.279439958
    1.530000000   -0.052962285    5.045297861
    1.535000000   -0.077338018    4.684791530
    1.540000000   -0.099618339    4.209258296
    1.545000000   -0.119262153    3.632733504
    1.550000000   -0.135804486    2.971558268
    1.555000000   -0.148866914    2.243935921
    1.560000000   -0.158165689    1.469448853
    1.565000000   -0.163517361    0.668548184
    1.570000000   -0.164841817   -0.137970736
    1.575000000   -0.162162685   -0.929493879
    1.580000000   -0.155605136   -1.686102141
    1.585000000   -0.145391172   -2.389060454
    1.590000000   -0.131832559   -3.021270658
    1.595000000   -0.115321604   -3.567677367
    1.600000000   -0.096320045   -4.015617412
    1.605000000   -0.075346345   -4.355104894
    1.610000000   -0.052961743   -4.579045594
    1.615000000   -0.029755412   -4.683376273
    1.620000000   -0.006329120   -4.667126331
    1.625000000    0.016718227   -4.532401192
    1.630000000    0.038805757   -4.284288782
    1.635000000    0.059385164   -3.930692288
    1.640000000    0.077954217   -3.482094227
    1.645000000    0.094068936   -2.951258480
    1.650000000    0.107354142   -2.352878406
    1.655000000    0.117512129   -1.703180444
    1.660000000    0.124329262   -1.019493571
    1.665000000    0.127680369   -0.319795779
    1.670000000    0.127530821    0.377750819
    1.675000000    0.123936290    1.055264474
    1.680000000    0.117040211    1.695596197
    1.685000000    0.107069030    2.282758811
    1.690000000    0.094325395    2.802322056
    1.695000000    0.079179468    3.241764120
    1.700000000    0.062058615    3.590771107
    1.705000000    0.043435738    3.841477342
    1.710000000    0.023816565    3.988640949
    1.715000000    0.003726239    4.029750820
    1.720000000   -0.016304461    3.965062822
    1.725000000   -0.035752893    3.797564918
    1.730000000   -0.054117983    3.532872653
    1.735000000   -0.070932959    3.179058213
    1.740000000   -0.085777081    2.746417925
    1.745000000   -0.098286061    2.247184591
    1.750000000   -0.108160927    1.695192413
    1.755000000   -0.115175111    1.105503417
    1.760000000   -0.119179590    0.494005224
    1.765000000   -0.120105970   -0.123009325
    1.770000000   -0.117967445   -0.729269764
    1.775000000   -0.112857618   -1.308951765
    1.780000000   -0.104947242   -1.847086177
    1.785000000   -0.094478974   -2.329942865
    1.790000000   -0.081760286   -2.745379584
    1.795000000   -0.067154747   -3.083147037
    1.800000000   -0.051071899   -3.335142473
    1.805000000   -0.033956014   -3.495605481
    1.810000000   -0.016274015   -3.561251203
    1.815000000    0.001497091   -3.531337798
    1.820000000    0.018882962   -3.407666699
    1.825000000    0.035424495   -3.194515967
    1.830000000    0.050689908   -2.898508784
    1.835000000    0.064286009   -2.528420787
    1.840000000    0.075868357   -2.094931559
    1.845000000    0.085150061   -1.610327027
    1.850000000    0.091908975   -1.088160784
    1.855000000    0.095993123   -0.542883418
    1.860000000    0.097324210    0.010550235
    1.865000000    0.095899135    0.557085446
    1.870000000    0.091789474    1.081972787
    1.875000000    0.085138961    1.571163379
    1.880000000    0.076159037    2.011683681
    1.885000000    0.065122594    2.391979871
    1.890000000    0.052356104    2.702222658
    1.895000000    0.038230324    2.934564432
    1.900000000    0.023149863    3.083341934
    1.905000000    0.007541873    3.145219056
    1.910000000   -0.008155809    3.119266030
    1.915000000   -0.023506755    3.006972905
    1.920000000   -0.038087941    2.812197042
    1.925000000   -0.051501318    2.541046074
    1.930000000   -0.063384641    2.201699583
    1.935000000   -0.073421263    1.804174350
    1.940000000   -0.081348633    1.360039624
    1.945000000   -0.086965253    0.882090194
    1.950000000   -0.090135917    0.383986240
    1.955000000   -0.090795090   -0.120130159
    1.960000000   -0.088948325   -0.616031283
    1.965000000   -0.084671700   -1.089801863
    1.970000000   -0.078109274   -1.528227986
    1.975000000   -0.069468646   -1.919165985
    1.980000000   -0.059014747   -2.251881040
    1.985000000   -0.047062028   -2.517345975
    1.990000000   -0.033965273   -2.708491837
    1.995000000   -0.020109295   -2.820403117
    2.000000000   -0.005897810   -2.850452026
    2.005000000    0.008258205   -2.798367871
    2.010000000    0.021952333   -2.666239425
    2.015000000    0.034794377   -2.458450024
    2.020000000    0.046421534   -2.181547031
    2.025000000    0.056508760   -1.844049192
    2.030000000    0.064778023   -1.456197159
    2.035000000    0.071006186   -1.029654125
    2.040000000    0.075031282   -0.577164994
    2.045000000    0.076756998   -0.112183708
    2.050000000    0.076155252    0.351520602
    2.055000000    0.073266749    0.800267361
    2.060000000    0.068199540    1.220866474
    2.065000000    0.061125585    1.601006727
    2.070000000    0.052275440    1.929619236
    2.075000000    0.041931207    2.197205158
    2.080000000    0.030417960    2.396117822
    2.085000000    0.018093887    2.520790705
    2.090000000    0.005339449    2.567904177
    2.095000000   -0.007454136    2.536485692
    2.100000000   -0.019896732    2.427939999
    2.105000000   -0.031611101    2.246008030
    2.110000000   -0.042244330    1.996655182
    2.115000000   -0.051478535    1.687891868
    2.120000000   -0.059040503    1.329531248
    2.125000000   -0.064709984    0.932890999
    2.130000000   -0.068326365    0.510447744
    2.135000000   -0.069793524    0.075454310
    2.140000000   -0.069082695   -0.358468819
    2.145000000   -0.066233256   -0.777755494
    2.150000000   -0.061351399   -1.169316489
    2.155000000   -0.054606708   -1.520949609
    2.160000000   -0.046226756   -1.821724485
    2.165000000   -0.036489853   -2.062329834
    2.170000000   -0.025716184   -2.235371969
    2.175000000   -0.014257596   -2.335614695
    2.180000000   -0.002486347   -2.360152461
    2.185000000    0.009216826   -2.308510578
    2.190000000    0.020474958   -2.182668542
    2.195000000    0.030927016   -1.987004892
    2.200000000    0.040239597   -1.728164467
    2.205000000    0.048117773   -1.414851442
    2.210000000    0.054314723   -1.057553947
    2.215000000    0.058639840   -0.668208355
    2.220000000    0.060965022   -0.259813419
    2.225000000    0.061228943    0.153993783
    2.230000000    0.059439123    0.559386675
    2.235000000    0.055671735    0.942808333
    2.240000000    0.050069111    1.291425926
    2.245000000    0.042835027    1.593565273
    2.250000000    0.034227888    1.839110756
    2.255000000    0.024552041    2.019856708
    2.260000000    0.014147464    2.129797725
    2.265000000    0.003378192    2.165347202
    2.270000000   -0.007380160    2.125475581
    2.275000000   -0.017753351    2.011762364
    2.280000000   -0.027381497    1.828358749
    2.285000000   -0.035931656    1.581860757
    2.290000000   -0.043109551    1.281095773
    2.295000000   -0.048670023    0.936828497
    2.300000000   -0.052425829    0.561395219
    2.305000000   -0.054254464    0.168278015
    2.310000000   -0.054102720   -0.228367132
    2.315000000   -0.051988811   -0.614212403
    2.320000000   -0.048001951   -0.975273020
    2.325000000   -0.042299351   -1.298416732
    2.330000000   -0.035100735   -1.571849437
    2.335000000   -0.026680516   -1.785558902
    2.340000000   -0.017357898   -1.931699597
    2.345000000   -0.007485232   -2.004903388
    2.350000000    0.002564971   -2.002503141
    2.355000000    0.012413901   -1.924659188
    2.360000000    0.021690686   -1.774381895
    2.365000000    0.030046480   -1.557447284
    2.370000000    0.037167855   -1.282206574
    2.375000000    0.042788988   -0.959294515
    2.380000000    0.046702158   -0.601245355
    2.385000000    0.048766112   -0.222029067
    2.390000000    0.048911948    0.163476157
    2.395000000    0.047146240    0.540056152
    2.400000000    0.043551234    0.892756541
    2.405000000    0.038282051    1.207479164
    2.410000000    0.031560962    1.471555637
    2.415000000    0.023668892    1.674274656
    2.420000000    0.014934459    1.807340755
    2.425000000    0.005720925    1.865244261
    2.430000000   -0.003588435    1.845525087
    2.435000000   -0.012605998    1.748916756
    2.440000000   -0.020955851    1.579361443
    2.445000000   -0.028289596    1.343891858
    2.450000000   -0.034301230    1.052381100
    2.455000000   -0.038740458    0.717167213
    2.460000000   -0.041423843    0.352564633
    2.465000000   -0.042243260   -0.025720029
    2.470000000   -0.041171240   -0.401245714
    2.475000000   -0.038262891   -0.757542004
    2.480000000   -0.033654241   -1.078832379
    2.485000000   -0.027556979   -1.350744519
    2.490000000   -0.020249746   -1.560975868
    2.495000000   -0.012066269   -1.699883372
    2.500000000   -0.003380811   -1.760968432
    2.505000000    0.005408505   -1.741231596
    2.510000000    0.013897765   -1.641376364
    2.515000000    0.021695944   -1.465847472
    2.520000000    0.028443351   -1.222696012
    2.525000000    0.033828958   -0.923271431
    2.530000000    0.037605778   -0.581748582
    2.535000000    0.039603496   -0.214506135
    2.540000000    0.039737666    0.160619493
    2.545000000    0.038014936    0.525173430
    2.550000000    0.034533914    0.860977567
    2.555000000    0.029481512    1.151039888
    2.560000000    0.023124791    1.380433307
    2.565000000    0.015798591    1.537098714
    2.570000000    0.007889424    1.612528401
    2.575000000   -0.000183667    1.602289883
    2.580000000   -0.007990397    1.506356147
    2.585000000   -0.015111640    1.329216614
    2.590000000   -0.021161798    1.079753136
    2.595000000   -0.025809958    0.770876893
    2.600000000   -0.028798643    0.418934598
    2.605000000   -0.029959066    0.042905322
    2.610000000   -0.029221908   -0.336578077
    2.615000000   -0.026622861   -0.698337272
    2.620000000   -0.022302414   -1.021830882
    2.625000000   -0.016499679   -1.288347770
    2.630000000   -0.009540360   -1.482143400
    2.635000000   -0.001819327   -1.591450417
    2.640000000    0.006221411   -1.609297487
    2.645000000    0.014118220   -1.534077360
    2.650000000    0.021413471   -1.369816145
    2.655000000    0.027683686   -1.126110554
    2.660000000    0.032566517   -0.817717828
    2.665000000    0.035784807   -0.463803534
    2.670000000    0.037166082   -0.086874226
    2.675000000    0.036656021    0.288556022
    2.680000000    0.034324737    0.637495351
    2.685000000    0.030365095    0.936112131
    2.690000000    0.025082775    1.163379240
    2.695000000    0.018878340    1.302614013
    2.700000000    0.012222087    1.342801463
    2.705000000    0.005623056    1.279593995
    2.710000000   -0.000405955    1.115894515
    2.715000000   -0.005385096    0.861951495
    2.720000000   -0.008903328    0.534923511
    2.725000000   -0.010650764    0.157905962
    2.730000000   -0.010444850   -0.241547887
    2.735000000   -0.008248040   -0.633337978
    2.740000000   -0.004175055   -0.987046729
    2.745000000    0.001511480   -1.274336417
    2.750000000    0.008417454   -1.471336138
    2.755000000    0.016045180   -1.560822323
    2.760000000    0.023831280   -1.533993353
    2.765000000    0.031192029   -1.391651572
    2.770000000    0.037572800   -1.144636462
    2.775000000    0.042497560   -0.813400759
    2.780000000    0.045613998   -0.426685458
    2.785000000    0.046729830   -0.019326703
    2.790000000    0.045836189    0.370687522
    2.795000000    0.043114840    0.705706851
    2.800000000    0.038927147    0.952170870
    2.805000000    0.033784341    1.084277768
    2.810000000    0.028300450    1.087184700
    2.815000000    0.023131207    0.959351085
    2.820000000    0.018904140    0.713672846
    2.825000000    0.016146592    0.377137327
    2.830000000    0.015219496   -0.011144467
    2.835000000    0.016265041   -0.403504714
    2.840000000    0.019175752   -0.748665090
    2.845000000    0.023590899   -0.997635175
    2.850000000    0.028923524   -1.109939501
    2.855000000    0.034417821   -1.059393777
    2.860000000    0.039232470   -0.838566011
    2.865000000    0.042541216   -0.461075407
    2.870000000    0.043638014    0.038973406
    2.875000000    0.042031245    0.610835564
    2.880000000    0.037510432    1.194236206
    2.885000000    0.030170284    1.729184812
    2.890000000    0.020381218    2.167321017
    2.895000000    0.008702902    2.483025638
    2.900000000   -0.004252602    2.682068274
    2.905000000   -0.017989716    2.805367532
    2.910000000   -0.032300091    2.925654988
    2.915000000   -0.047395656    3.135583953
    2.920000000   -0.063960242    3.527178059
    2.925000000   -0.083080131    4.164437522
    2.930000000   -0.106028597    5.053217862
    2.935000000   -0.133905903    6.114758473
    2.940000000   -0.167172470    7.170809003
    2.945000000   -0.205153503    7.948286694
    2.950000000   -0.245627783    8.108778943
    2.955000000   -0.284626250    7.302121340
    2.960000000   -0.316539284    5.233597479
    2.965000000   -0.334550275    1.722633711
    2.970000000   -0.331277922   -3.277734568
    2.975000000   -0.299360921   -9.725614806
    2.980000000   -0.231676675  -17.582485997
    2.985000000   -0.121217752  -26.819995895
    2.990000000    0.038123706  -36.953243616
    2.995000000    0.245556861  -45.214037322
    3.000000000    0.471390321  -41.572740503
