#! FIELDS d1 targetdist
#! SET min_d1 1.0
#! SET max_d1 3.0
#! SET nbins_d1  800
#! SET periodic_d1 false
 1.000000 0.000000 
 1.002500 0.000000 
 1.005000 0.000000 
 1.007500 0.000000 
 1.010000 0.000000 
 1.012500 0.000000 
 1.015000 0.000000 
 1.017500 0.000000 
 1.020000 0.000000 
 1.022500 0.000000 
 1.025000 0.000000 
 1.027500 0.000000 
 1.030000 0.000000 
 1.032500 0.000000 
 1.035000 0.000000 
 1.037500 0.000000 
 1.040000 0.000000 
 1.042500 0.000000 
 1.045000 0.000000 
 1.047500 0.000000 
 1.050000 0.000000 
 1.052500 0.000000 
 1.055000 0.000000 
 1.057500 0.000000 
 1.060000 0.000000 
 1.062500 0.000000 
 1.065000 0.000000 
 1.067500 0.000000 
 1.070000 0.000000 
 1.072500 0.000000 
 1.075000 0.000000 
 1.077500 0.000000 
 1.080000 0.000000 
 1.082500 0.000000 
 1.085000 0.000000 
 1.087500 0.000000 
 1.090000 0.000000 
 1.092500 0.000000 
 1.095000 0.000000 
 1.097500 0.000000 
 1.100000 0.000000 
 1.102500 0.000000 
 1.105000 0.000000 
 1.107500 0.000000 
 1.110000 0.000000 
 1.112500 0.000000 
 1.115000 0.000000 
 1.117500 0.000000 
 1.120000 0.000000 
 1.122500 0.000000 
 1.125000 0.000000 
 1.127500 0.000000 
 1.130000 0.000000 
 1.132500 0.000000 
 1.135000 0.000000 
 1.137500 0.000000 
 1.140000 0.000000 
 1.142500 0.000000 
 1.145000 0.000000 
 1.147500 0.000000 
 1.150000 0.000000 
 1.152500 0.000000 
 1.155000 0.000000 
 1.157500 0.000000 
 1.160000 0.000000 
 1.162500 0.000000 
 1.165000 0.000000 
 1.167500 0.000000 
 1.170000 0.000000 
 1.172500 0.000000 
 1.175000 0.000000 
 1.177500 0.000000 
 1.180000 0.000000 
 1.182500 0.000000 
 1.185000 0.000000 
 1.187500 0.000000 
 1.190000 0.000000 
 1.192500 0.000000 
 1.195000 0.000000 
 1.197500 0.000000 
 1.200000 0.000000 
 1.202500 0.000000 
 1.205000 0.000000 
 1.207500 0.000000 
 1.210000 0.000000 
 1.212500 0.000000 
 1.215000 0.000000 
 1.217500 0.000000 
 1.220000 0.000000 
 1.222500 0.000000 
 1.225000 0.000000 
 1.227500 0.000000 
 1.230000 0.000000 
 1.232500 0.000000 
 1.235000 0.000000 
 1.237500 0.000000 
 1.240000 0.000000 
 1.242500 0.000000 
 1.245000 0.000000 
 1.247500 0.000000 
 1.250000 0.000000 
 1.252500 0.000000 
 1.255000 0.000000 
 1.257500 0.000000 
 1.260000 0.000000 
 1.262500 0.000000 
 1.265000 0.000000 
 1.267500 0.000000 
 1.270000 0.000000 
 1.272500 0.000000 
 1.275000 0.000000 
 1.277500 0.000000 
 1.280000 0.000000 
 1.282500 0.000000 
 1.285000 0.000000 
 1.287500 0.000000 
 1.290000 0.000000 
 1.292500 0.000000 
 1.295000 0.000000 
 1.297500 0.000000 
 1.300000 0.000000 
 1.302500 0.000000 
 1.305000 0.000000 
 1.307500 0.000000 
 1.310000 0.000000 
 1.312500 0.000000 
 1.315000 0.000000 
 1.317500 0.000000 
 1.320000 0.000000 
 1.322500 0.000000 
 1.325000 0.000000 
 1.327500 0.000000 
 1.330000 0.000000 
 1.332500 0.000000 
 1.335000 0.000000 
 1.337500 0.000000 
 1.340000 0.000000 
 1.342500 0.000000 
 1.345000 0.000000 
 1.347500 0.000000 
 1.350000 0.000000 
 1.352500 0.000000 
 1.355000 0.000000 
 1.357500 0.000000 
 1.360000 0.000000 
 1.362500 0.000000 
 1.365000 0.000000 
 1.367500 0.000000 
 1.370000 0.000000 
 1.372500 0.000000 
 1.375000 0.000000 
 1.377500 0.000000 
 1.380000 0.000000 
 1.382500 0.000000 
 1.385000 0.000000 
 1.387500 0.000000 
 1.390000 0.000000 
 1.392500 0.000000 
 1.395000 0.000000 
 1.397500 0.000000 
 1.400000 0.000000 
 1.402500 0.000000 
 1.405000 0.000000 
 1.407500 0.000000 
 1.410000 0.000000 
 1.412500 0.000000 
 1.415000 0.000000 
 1.417500 0.000000 
 1.420000 0.000000 
 1.422500 0.000000 
 1.425000 0.000000 
 1.427500 0.000000 
 1.430000 0.000000 
 1.432500 0.000000 
 1.435000 0.000000 
 1.437500 0.000000 
 1.440000 0.000000 
 1.442500 0.000000 
 1.445000 0.000000 
 1.447500 0.000000 
 1.450000 0.000000 
 1.452500 0.000000 
 1.455000 0.000000 
 1.457500 0.000000 
 1.460000 0.000000 
 1.462500 0.000000 
 1.465000 0.000000 
 1.467500 0.000000 
 1.470000 0.000000 
 1.472500 0.000000 
 1.475000 0.000001 
 1.477500 0.000002 
 1.480000 0.000004 
 1.482500 0.000010 
 1.485000 0.000019 
 1.487500 0.000037 
 1.490000 0.000067 
 1.492500 0.000115 
 1.495000 0.000186 
 1.497500 0.000287 
 1.500000 0.000422 
 1.502500 0.000592 
 1.505000 0.000794 
 1.507500 0.001026 
 1.510000 0.001280 
 1.512500 0.001551 
 1.515000 0.001834 
 1.517500 0.002130 
 1.520000 0.002437 
 1.522500 0.002762 
 1.525000 0.003110 
 1.527500 0.003487 
 1.530000 0.003901 
 1.532500 0.004356 
 1.535000 0.004854 
 1.537500 0.005396 
 1.540000 0.005981 
 1.542500 0.006614 
 1.545000 0.007314 
 1.547500 0.008113 
 1.550000 0.009069 
 1.552500 0.010259 
 1.555000 0.011770 
 1.557500 0.013696 
 1.560000 0.016128 
 1.562500 0.019147 
 1.565000 0.022830 
 1.567500 0.027251 
 1.570000 0.032484 
 1.572500 0.038608 
 1.575000 0.045689 
 1.577500 0.053774 
 1.580000 0.062872 
 1.582500 0.072935 
 1.585000 0.083871 
 1.587500 0.095547 
 1.590000 0.107823 
 1.592500 0.120598 
 1.595000 0.133825 
 1.597500 0.147532 
 1.600000 0.161816 
 1.602500 0.176812 
 1.605000 0.192674 
 1.607500 0.209566 
 1.610000 0.227648 
 1.612500 0.247101 
 1.615000 0.268124 
 1.617500 0.290936 
 1.620000 0.315725 
 1.622500 0.342646 
 1.625000 0.371776 
 1.627500 0.403112 
 1.630000 0.436594 
 1.632500 0.472139 
 1.635000 0.509671 
 1.637500 0.549164 
 1.640000 0.590637 
 1.642500 0.634156 
 1.645000 0.679818 
 1.647500 0.727733 
 1.650000 0.778024 
 1.652500 0.830832 
 1.655000 0.886353 
 1.657500 0.944829 
 1.660000 1.006551 
 1.662500 1.071835 
 1.665000 1.140931 
 1.667500 1.213955 
 1.670000 1.290860 
 1.672500 1.371414 
 1.675000 1.455259 
 1.677500 1.541952 
 1.680000 1.631044 
 1.682500 1.722127 
 1.685000 1.814857 
 1.687500 1.908969 
 1.690000 2.004262 
 1.692500 2.100601 
 1.695000 2.197943 
 1.697500 2.296364 
 1.700000 2.395977 
 1.702500 2.496967 
 1.705000 2.599494 
 1.707500 2.703602 
 1.710000 2.809183 
 1.712500 2.915941 
 1.715000 3.023424 
 1.717500 3.131114 
 1.720000 3.238494 
 1.722500 3.345126 
 1.725000 3.450595 
 1.727500 3.554486 
 1.730000 3.656292 
 1.732500 3.755319 
 1.735000 3.850732 
 1.737500 3.941656 
 1.740000 4.027289 
 1.742500 4.107225 
 1.745000 4.181467 
 1.747500 4.250530 
 1.750000 4.315400 
 1.752500 4.377250 
 1.755000 4.437260 
 1.757500 4.496366 
 1.760000 4.555062 
 1.762500 4.613245 
 1.765000 4.670359 
 1.767500 4.725398 
 1.770000 4.777096 
 1.772500 4.824129 
 1.775000 4.865281 
 1.777500 4.899674 
 1.780000 4.926792 
 1.782500 4.946560 
 1.785000 4.959334 
 1.787500 4.965741 
 1.790000 4.966505 
 1.792500 4.962337 
 1.795000 4.953706 
 1.797500 4.940852 
 1.800000 4.923717 
 1.802500 4.902124 
 1.805000 4.875849 
 1.807500 4.844813 
 1.810000 4.809068 
 1.812500 4.768885 
 1.815000 4.724689 
 1.817500 4.677085 
 1.820000 4.626758 
 1.822500 4.574477 
 1.825000 4.520986 
 1.827500 4.466879 
 1.830000 4.412526 
 1.832500 4.357888 
 1.835000 4.302518 
 1.837500 4.245522 
 1.840000 4.185820 
 1.842500 4.122190 
 1.845000 4.053631 
 1.847500 3.979483 
 1.850000 3.899536 
 1.852500 3.814025 
 1.855000 3.723551 
 1.857500 3.628958 
 1.860000 3.531222 
 1.862500 3.431340 
 1.865000 3.330352 
 1.867500 3.229222 
 1.870000 3.128812 
 1.872500 3.029818 
 1.875000 2.932714 
 1.877500 2.837722 
 1.880000 2.744843 
 1.882500 2.653866 
 1.885000 2.564539 
 1.887500 2.476741 
 1.890000 2.390474 
 1.892500 2.306018 
 1.895000 2.223884 
 1.897500 2.144641 
 1.900000 2.068821 
 1.902500 1.996757 
 1.905000 1.928483 
 1.907500 1.863625 
 1.910000 1.801561 
 1.912500 1.741454 
 1.915000 1.682456 
 1.917500 1.623882 
 1.920000 1.565252 
 1.922500 1.506461 
 1.925000 1.447688 
 1.927500 1.389376 
 1.930000 1.332050 
 1.932500 1.276242 
 1.935000 1.222330 
 1.937500 1.170457 
 1.940000 1.120576 
 1.942500 1.072494 
 1.945000 1.025971 
 1.947500 0.980819 
 1.950000 0.936948 
 1.952500 0.894347 
 1.955000 0.853058 
 1.957500 0.813091 
 1.960000 0.774423 
 1.962500 0.736997 
 1.965000 0.700781 
 1.967500 0.665819 
 1.970000 0.632265 
 1.972500 0.600358 
 1.975000 0.570357 
 1.977500 0.542467 
 1.980000 0.516739 
 1.982500 0.493055 
 1.985000 0.471150 
 1.987500 0.450660 
 1.990000 0.431189 
 1.992500 0.412405 
 1.995000 0.394047 
 1.997500 0.375980 
 2.000000 0.358149 
 2.002500 0.340615 
 2.005000 0.323531 
 2.007500 0.307106 
 2.010000 0.291546 
 2.012500 0.277031 
 2.015000 0.263643 
 2.017500 0.251345 
 2.020000 0.239990 
 2.022500 0.229342 
 2.025000 0.219148 
 2.027500 0.209174 
 2.030000 0.199257 
 2.032500 0.189311 
 2.035000 0.179328 
 2.037500 0.169351 
 2.040000 0.159462 
 2.042500 0.149747 
 2.045000 0.140317 
 2.047500 0.131299 
 2.050000 0.122835 
 2.052500 0.115071 
 2.055000 0.108148 
 2.057500 0.102154 
 2.060000 0.097089 
 2.062500 0.092857 
 2.065000 0.089255 
 2.067500 0.086015 
 2.070000 0.082845 
 2.072500 0.079491 
 2.075000 0.075784 
 2.077500 0.071668 
 2.080000 0.067188 
 2.082500 0.062473 
 2.085000 0.057682 
 2.087500 0.052967 
 2.090000 0.048433 
 2.092500 0.044147 
 2.095000 0.040127 
 2.097500 0.036378 
 2.100000 0.032902 
 2.102500 0.029715 
 2.105000 0.026852 
 2.107500 0.024365 
 2.110000 0.022309 
 2.112500 0.020710 
 2.115000 0.019562 
 2.117500 0.018796 
 2.120000 0.018296 
 2.122500 0.017913 
 2.125000 0.017499 
 2.127500 0.016932 
 2.130000 0.016151 
 2.132500 0.015149 
 2.135000 0.013977 
 2.137500 0.012712 
 2.140000 0.011441 
 2.142500 0.010234 
 2.145000 0.009137 
 2.147500 0.008169 
 2.150000 0.007332 
 2.152500 0.006618 
 2.155000 0.006011 
 2.157500 0.005493 
 2.160000 0.005048 
 2.162500 0.004662 
 2.165000 0.004321 
 2.167500 0.004019 
 2.170000 0.003749 
 2.172500 0.003503 
 2.175000 0.003273 
 2.177500 0.003052 
 2.180000 0.002832 
 2.182500 0.002609 
 2.185000 0.002387 
 2.187500 0.002170 
 2.190000 0.001968 
 2.192500 0.001789 
 2.195000 0.001641 
 2.197500 0.001523 
 2.200000 0.001436 
 2.202500 0.001376 
 2.205000 0.001339 
 2.207500 0.001320 
 2.210000 0.001314 
 2.212500 0.001320 
 2.215000 0.001334 
 2.217500 0.001357 
 2.220000 0.001388 
 2.222500 0.001429 
 2.225000 0.001482 
 2.227500 0.001549 
 2.230000 0.001635 
 2.232500 0.001740 
 2.235000 0.001865 
 2.237500 0.002007 
 2.240000 0.002157 
 2.242500 0.002302 
 2.245000 0.002423 
 2.247500 0.002499 
 2.250000 0.002511 
 2.252500 0.002444 
 2.255000 0.002292 
 2.257500 0.002061 
 2.260000 0.001773 
 2.262500 0.001454 
 2.265000 0.001133 
 2.267500 0.000838 
 2.270000 0.000587 
 2.272500 0.000389 
 2.275000 0.000244 
 2.277500 0.000144 
 2.280000 0.000080 
 2.282500 0.000042 
 2.285000 0.000021 
 2.287500 0.000010 
 2.290000 0.000004 
 2.292500 0.000001 
 2.295000 0.000000 
 2.297500 0.000000 
 2.300000 0.000000 
 2.302500 0.000000 
 2.305000 0.000000 
 2.307500 0.000000 
 2.310000 0.000000 
 2.312500 0.000000 
 2.315000 0.000000 
 2.317500 0.000000 
 2.320000 0.000000 
 2.322500 0.000000 
 2.325000 0.000000 
 2.327500 0.000000 
 2.330000 0.000000 
 2.332500 0.000000 
 2.335000 0.000000 
 2.337500 0.000000 
 2.340000 0.000000 
 2.342500 0.000000 
 2.345000 0.000000 
 2.347500 0.000000 
 2.350000 0.000000 
 2.352500 0.000000 
 2.355000 0.000000 
 2.357500 0.000000 
 2.360000 0.000000 
 2.362500 0.000000 
 2.365000 0.000000 
 2.367500 0.000000 
 2.370000 0.000000 
 2.372500 0.000000 
 2.375000 0.000000 
 2.377500 0.000000 
 2.380000 0.000000 
 2.382500 0.000000 
 2.385000 0.000000 
 2.387500 0.000000 
 2.390000 0.000000 
 2.392500 0.000000 
 2.395000 0.000000 
 2.397500 0.000000 
 2.400000 0.000000 
 2.402500 0.000000 
 2.405000 0.000000 
 2.407500 0.000000 
 2.410000 0.000000 
 2.412500 0.000000 
 2.415000 0.000000 
 2.417500 0.000000 
 2.420000 0.000000 
 2.422500 0.000000 
 2.425000 0.000000 
 2.427500 0.000000 
 2.430000 0.000000 
 2.432500 0.000000 
 2.435000 0.000000 
 2.437500 0.000000 
 2.440000 0.000000 
 2.442500 0.000000 
 2.445000 0.000000 
 2.447500 0.000000 
 2.450000 0.000000 
 2.452500 0.000000 
 2.455000 0.000000 
 2.457500 0.000000 
 2.460000 0.000000 
 2.462500 0.000000 
 2.465000 0.000000 
 2.467500 0.000000 
 2.470000 0.000000 
 2.472500 0.000000 
 2.475000 0.000000 
 2.477500 0.000000 
 2.480000 0.000000 
 2.482500 0.000000 
 2.485000 0.000000 
 2.487500 0.000000 
 2.490000 0.000000 
 2.492500 0.000000 
 2.495000 0.000000 
 2.497500 0.000000 
 2.500000 0.000000 
 2.502500 0.000000 
 2.505000 0.000000 
 2.507500 0.000000 
 2.510000 0.000000 
 2.512500 0.000000 
 2.515000 0.000000 
 2.517500 0.000000 
 2.520000 0.000000 
 2.522500 0.000000 
 2.525000 0.000000 
 2.527500 0.000000 
 2.530000 0.000000 
 2.532500 0.000000 
 2.535000 0.000000 
 2.537500 0.000000 
 2.540000 0.000000 
 2.542500 0.000000 
 2.545000 0.000000 
 2.547500 0.000000 
 2.550000 0.000000 
 2.552500 0.000000 
 2.555000 0.000000 
 2.557500 0.000000 
 2.560000 0.000000 
 2.562500 0.000000 
 2.565000 0.000000 
 2.567500 0.000000 
 2.570000 0.000000 
 2.572500 0.000000 
 2.575000 0.000000 
 2.577500 0.000000 
 2.580000 0.000000 
 2.582500 0.000000 
 2.585000 0.000000 
 2.587500 0.000000 
 2.590000 0.000000 
 2.592500 0.000000 
 2.595000 0.000000 
 2.597500 0.000000 
 2.600000 0.000000 
 2.602500 0.000000 
 2.605000 0.000000 
 2.607500 0.000000 
 2.610000 0.000000 
 2.612500 0.000000 
 2.615000 0.000000 
 2.617500 0.000000 
 2.620000 0.000000 
 2.622500 0.000000 
 2.625000 0.000000 
 2.627500 0.000000 
 2.630000 0.000000 
 2.632500 0.000000 
 2.635000 0.000000 
 2.637500 0.000000 
 2.640000 0.000000 
 2.642500 0.000000 
 2.645000 0.000000 
 2.647500 0.000000 
 2.650000 0.000000 
 2.652500 0.000000 
 2.655000 0.000000 
 2.657500 0.000000 
 2.660000 0.000000 
 2.662500 0.000000 
 2.665000 0.000000 
 2.667500 0.000000 
 2.670000 0.000000 
 2.672500 0.000000 
 2.675000 0.000000 
 2.677500 0.000000 
 2.680000 0.000000 
 2.682500 0.000000 
 2.685000 0.000000 
 2.687500 0.000000 
 2.690000 0.000000 
 2.692500 0.000000 
 2.695000 0.000000 
 2.697500 0.000000 
 2.700000 0.000000 
 2.702500 0.000000 
 2.705000 0.000000 
 2.707500 0.000000 
 2.710000 0.000000 
 2.712500 0.000000 
 2.715000 0.000000 
 2.717500 0.000000 
 2.720000 0.000000 
 2.722500 0.000000 
 2.725000 0.000000 
 2.727500 0.000000 
 2.730000 0.000000 
 2.732500 0.000000 
 2.735000 0.000000 
 2.737500 0.000000 
 2.740000 0.000000 
 2.742500 0.000000 
 2.745000 0.000000 
 2.747500 0.000000 
 2.750000 0.000000 
 2.752500 0.000000 
 2.755000 0.000000 
 2.757500 0.000000 
 2.760000 0.000000 
 2.762500 0.000000 
 2.765000 0.000000 
 2.767500 0.000000 
 2.770000 0.000000 
 2.772500 0.000000 
 2.775000 0.000000 
 2.777500 0.000000 
 2.780000 0.000000 
 2.782500 0.000000 
 2.785000 0.000000 
 2.787500 0.000000 
 2.790000 0.000000 
 2.792500 0.000000 
 2.795000 0.000000 
 2.797500 0.000000 
 2.800000 0.000000 
 2.802500 0.000000 
 2.805000 0.000000 
 2.807500 0.000000 
 2.810000 0.000000 
 2.812500 0.000000 
 2.815000 0.000000 
 2.817500 0.000000 
 2.820000 0.000000 
 2.822500 0.000000 
 2.825000 0.000000 
 2.827500 0.000000 
 2.830000 0.000000 
 2.832500 0.000000 
 2.835000 0.000000 
 2.837500 0.000000 
 2.840000 0.000000 
 2.842500 0.000000 
 2.845000 0.000000 
 2.847500 0.000000 
 2.850000 0.000000 
 2.852500 0.000000 
 2.855000 0.000000 
 2.857500 0.000000 
 2.860000 0.000000 
 2.862500 0.000000 
 2.865000 0.000000 
 2.867500 0.000000 
 2.870000 0.000000 
 2.872500 0.000000 
 2.875000 0.000000 
 2.877500 0.000000 
 2.880000 0.000000 
 2.882500 0.000000 
 2.885000 0.000000 
 2.887500 0.000000 
 2.890000 0.000000 
 2.892500 0.000000 
 2.895000 0.000000 
 2.897500 0.000000 
 2.900000 0.000000 
 2.902500 0.000000 
 2.905000 0.000000 
 2.907500 0.000000 
 2.910000 0.000000 
 2.912500 0.000000 
 2.915000 0.000000 
 2.917500 0.000000 
 2.920000 0.000000 
 2.922500 0.000000 
 2.925000 0.000000 
 2.927500 0.000000 
 2.930000 0.000000 
 2.932500 0.000000 
 2.935000 0.000000 
 2.937500 0.000000 
 2.940000 0.000000 
 2.942500 0.000000 
 2.945000 0.000000 
 2.947500 0.000000 
 2.950000 0.000000 
 2.952500 0.000000 
 2.955000 0.000000 
 2.957500 0.000000 
 2.960000 0.000000 
 2.962500 0.000000 
 2.965000 0.000000 
 2.967500 0.000000 
 2.970000 0.000000 
 2.972500 0.000000 
 2.975000 0.000000 
 2.977500 0.000000 
 2.980000 0.000000 
 2.982500 0.000000 
 2.985000 0.000000 
 2.987500 0.000000 
 2.990000 0.000000 
 2.992500 0.000000 
 2.995000 0.000000 
 2.997500 0.000000 
 3.000000 0.000000 
