#! FIELDS nm external.bias der_nm
#! SET min_nm 0.0
#! SET max_nm 1.0
#! SET nbins_nm  501
#! SET periodic_nm false
    0.000000000   -0.018254483 -111.253004643
    0.002000000    0.017953904   24.056050577
    0.004000000   -0.019506611    6.583209031
    0.006000000   -0.009557542  -12.932251684
    0.008000000    0.017274688  -10.986004538
    0.010000000    0.027923113    0.724723579
    0.012000000    0.016359514    9.747491546
    0.014000000   -0.005907105   11.242822618
    0.016000000   -0.024436347    6.556368966
    0.018000000   -0.030632937   -0.394744200
    0.020000000   -0.023821238   -5.959644981
    0.022000000   -0.009100630   -8.128167138
    0.024000000    0.006265017   -6.700998051
    0.026000000    0.016024463   -2.773637089
    0.028000000    0.016797873    2.000322353
    0.030000000    0.008511982    6.059077390
    0.032000000   -0.006243830    8.348972382
    0.034000000   -0.023432175    8.482222866
    0.036000000   -0.038875449    6.684047775
    0.038000000   -0.049312482    3.608434547
    0.040000000   -0.053023500    0.103143117
    0.042000000   -0.049990029   -3.011427843
    0.044000000   -0.041662968   -5.108036990
    0.046000000   -0.030471406   -5.844747131
    0.048000000   -0.019221544   -5.184072562
    0.050000000   -0.010519734   -3.352696965
    0.052000000   -0.006318873   -0.762067832
    0.054000000   -0.007644473    2.088373033
    0.056000000   -0.014515184    4.705981859
    0.058000000   -0.026038301    6.683153634
    0.060000000   -0.040637355    7.750172968
    0.062000000   -0.056356900    7.799451956
    0.064000000   -0.071188101    6.882676128
    0.066000000   -0.083365448    5.185834596
    0.068000000   -0.091597167    2.989141719
    0.070000000   -0.095206783    0.619546555
    0.072000000   -0.094178427   -1.596900802
    0.074000000   -0.089111897   -3.376796749
    0.076000000   -0.081103846   -4.510943745
    0.078000000   -0.071578195   -4.883331088
    0.080000000   -0.062091765   -4.476985621
    0.082000000   -0.054140588   -3.367718982
    0.084000000   -0.048989063   -1.707993242
    0.086000000   -0.047538805    0.296115897
    0.088000000   -0.050247741    2.411558657
    0.090000000   -0.057103363    4.405325090
    0.092000000   -0.067647971    6.068992941
    0.094000000   -0.081048639    7.238582183
    0.096000000   -0.096200879    7.808230990
    0.098000000   -0.111852844    7.736987835
    0.100000000   -0.126736187    7.048753671
    0.102000000   -0.139690480    5.826045347
    0.104000000   -0.149769911    4.198744304
    0.106000000   -0.156323688    2.329320582
    0.108000000   -0.159044738    0.396176461
    0.110000000   -0.157984579   -1.423252812
    0.112000000   -0.153535419   -2.968149469
    0.114000000   -0.146383250   -4.107477170
    0.116000000   -0.137437901   -4.749748653
    0.118000000   -0.127747424   -4.848852977
    0.120000000   -0.118404954   -4.405768396
    0.122000000   -0.110456129   -3.466331686
    0.124000000   -0.104814557   -2.115530846
    0.126000000   -0.102191600   -0.469018347
    0.128000000   -0.103045219    1.337303155
    0.130000000   -0.107550798    3.158694769
    0.132000000   -0.115595018    4.853066839
    0.134000000   -0.126792050    6.291675371
    0.136000000   -0.140519727    7.368292251
    0.138000000   -0.155972031    8.006277192
    0.140000000   -0.172223299    8.163170262
    0.142000000   -0.188298960    7.832625233
    0.144000000   -0.203247491    7.043700963
    0.146000000   -0.216208447    5.857707894
    0.148000000   -0.226472036    4.362959199
    0.150000000   -0.233526468    2.667893469
    0.152000000   -0.237090385    0.893113784
    0.154000000   -0.237128756   -0.837075238
    0.156000000   -0.233851837   -2.403053941
    0.158000000   -0.227697885   -3.697658820
    0.160000000   -0.219301344   -4.632870131
    0.162000000   -0.209449055   -5.145042492
    0.164000000   -0.199027701   -5.198416397
    0.166000000   -0.188966060   -4.786768539
    0.168000000   -0.180175865   -3.933179585
    0.170000000   -0.173494923   -2.688012442
    0.172000000   -0.169635933   -1.125295865
    0.174000000   -0.169143885    0.662207516
    0.176000000   -0.172364368    2.568906588
    0.178000000   -0.179424351    4.482878590
    0.180000000   -0.190226202    6.292559587
    0.182000000   -0.204454968    7.893238145
    0.184000000   -0.221598137    9.192990531
    0.186000000   -0.240976442   10.117742848
    0.188000000   -0.261783704   10.615207384
    0.190000000   -0.283133259   10.657512743
    0.192000000   -0.304108258   10.242425672
    0.194000000   -0.323812964    9.393142336
    0.196000000   -0.341422254    8.156703906
    0.198000000   -0.356226662    6.601161903
    0.200000000   -0.367670664    4.811679436
    0.202000000   -0.375382292    2.885802854
    0.204000000   -0.379192673    0.928172536
    0.206000000   -0.379144684   -0.955039344
    0.208000000   -0.375490442   -2.661672364
    0.210000000   -0.368677962   -4.098821861
    0.212000000   -0.359327850   -5.187526691
    0.214000000   -0.348201355   -5.866679857
    0.216000000   -0.336161536   -6.095986146
    0.218000000   -0.324129567   -5.857842620
    0.220000000   -0.313038430   -5.158073503
    0.222000000   -0.303786284   -4.025507742
    0.224000000   -0.297191821   -2.510442754
    0.226000000   -0.293953718   -0.682089038
    0.228000000   -0.294616118    1.374864729
    0.230000000   -0.299541708    3.564389493
    0.232000000   -0.308893608    5.783752284
    0.234000000   -0.322626855    7.928429547
    0.236000000   -0.340489790    9.897068614
    0.238000000   -0.362035230   11.596271934
    0.240000000   -0.386640861   12.944991932
    0.242000000   -0.413537858   13.878346413
    0.244000000   -0.441846429   14.350694043
    0.246000000   -0.470616662   14.337845060
    0.248000000   -0.498872847   13.838322213
    0.250000000   -0.525659340   12.873629161
    0.252000000   -0.550085964   11.487526399
    0.254000000   -0.571370998    9.744356268
    0.256000000   -0.588879934    7.726497246
    0.258000000   -0.602158361    5.531061904
    0.260000000   -0.610957608    3.265981480
    0.262000000   -0.615252074    1.045641998
    0.264000000   -0.615247539   -1.013748410
    0.266000000   -0.611380091   -2.798874153
    0.268000000   -0.604305692   -4.203922397
    0.270000000   -0.594880792   -5.134910190
    0.272000000   -0.584134698   -5.513564297
    0.274000000   -0.573234755   -5.280609995
    0.276000000   -0.563445649   -4.398350462
    0.278000000   -0.556084325   -2.852447602
    0.280000000   -0.552472200   -0.652846917
    0.282000000   -0.553886411    2.166177916
    0.284000000   -0.561511832    5.546852072
    0.286000000   -0.576395607    9.409557743
    0.288000000   -0.599405755   13.655253571
    0.290000000   -0.631195311   18.168559517
    0.292000000   -0.672173202   22.821389558
    0.294000000   -0.722482818   27.476997765
    0.296000000   -0.781988982   31.994291780
    0.298000000   -0.850273670   36.232261769
    0.300000000   -0.926640595   40.054372537
    0.302000000   -1.010128405   43.332771560
    0.304000000   -1.099531994   45.952175747
    0.306000000   -1.193431176   47.813314296
    0.308000000   -1.290225693   48.835823436
    0.310000000   -1.388175414   48.960510234
    0.312000000   -1.485444361   48.150926254
    0.314000000   -1.580147173   46.394216693
    0.316000000   -1.670396531   43.701235834
    0.318000000   -1.754350089   40.105944319
    0.320000000   -1.830255514   35.664126992
    0.322000000   -1.896492329   30.451491277
    0.324000000   -1.951609400   24.561224360
    0.326000000   -1.994357070   18.101102577
    0.328000000   -2.023713152   11.190257726
    0.330000000   -2.038902205    3.955712522
    0.332000000   -2.039407742   -3.471199248
    0.334000000   -2.024977268  -10.958412861
    0.336000000   -1.995620241  -18.376602510
    0.338000000   -1.951599294  -25.602438179
    0.340000000   -1.893415236  -32.521537896
    0.342000000   -1.821786513  -39.031037282
    0.344000000   -1.737623976  -45.041713968
    0.346000000   -1.642001869  -50.479621465
    0.348000000   -1.536126085  -55.287204895
    0.350000000   -1.421300696  -59.423888935
    0.352000000   -1.298893851  -62.866145769
    0.354000000   -1.170304021  -65.607067297
    0.356000000   -1.036927576  -67.655480670
    0.358000000   -0.900128540  -69.034659107
    0.360000000   -0.761211280  -69.780690473
    0.362000000   -0.621396740  -69.940573996
    0.364000000   -0.481802689  -69.570120729
    0.366000000   -0.343428307  -68.731735705
    0.368000000   -0.207143254  -67.492159399
    0.370000000   -0.073681229  -65.920243140
    0.372000000    0.056362097  -64.084827739
    0.374000000    0.182527081  -62.052787186
    0.376000000    0.304484391  -59.887290096
    0.378000000    0.422026070  -57.646321066
    0.380000000    0.535053931  -55.381492729
    0.382000000    0.643565884  -53.137167422
    0.384000000    0.747640816  -50.949895519
    0.386000000    0.847422673  -48.848165979
    0.388000000    0.943104330  -46.852454001
    0.390000000    1.034911847  -44.975541088
    0.392000000    1.123089601  -43.223074686
    0.394000000    1.207886747  -41.594328049
    0.396000000    1.289545368  -40.083116270
    0.398000000    1.368290565  -38.678821582
    0.400000000    1.444322673  -37.367480079
    0.402000000    1.517811674  -36.132882913
    0.404000000    1.588893783  -34.957647614
    0.406000000    1.657670119  -33.824219319
    0.408000000    1.724207278  -32.715767172
    0.410000000    1.788539563  -31.616947612
    0.412000000    1.850672601  -30.514513542
    0.414000000    1.910588005  -29.397756032
    0.416000000    1.968248744  -28.258773017
    0.418000000    2.023604885  -27.092567080
    0.420000000    2.076599367  -25.896981536
    0.422000000    2.127173490  -24.672490459
    0.424000000    2.175271863  -23.421863757
    0.426000000    2.220846578  -22.149732683
    0.428000000    2.263860431  -20.862084266
    0.430000000    2.304289096  -19.565714827
    0.432000000    2.342122182  -18.267673095
    0.434000000    2.377363199  -16.974722469
    0.436000000    2.410028484  -15.692849727
    0.438000000    2.440145211  -14.426844120
    0.440000000    2.467748652  -13.179966535
    0.442000000    2.492878875  -11.953723311
    0.444000000    2.515577102  -10.747753807
    0.446000000    2.535881963   -9.559834935
    0.448000000    2.553825866   -8.386000110
    0.450000000    2.569431723   -7.220764385
    0.452000000    2.582710217   -6.057442481
    0.454000000    2.593657782   -4.888541900
    0.456000000    2.602255428   -3.706209750
    0.458000000    2.608468495   -2.502709295
    0.460000000    2.612247369   -1.270900791
    0.462000000    2.613529138   -0.004700811
    0.464000000    2.612240128    1.300504820
    0.466000000    2.608299201    2.647517393
    0.468000000    2.601621649    4.037070784
    0.470000000    2.592123496    5.467681880
    0.472000000    2.579725990    6.935616968
    0.474000000    2.564360032    8.434979824
    0.476000000    2.545970315    9.957921468
    0.478000000    2.524518918   11.494965786
    0.480000000    2.499988150   13.035439475
    0.482000000    2.472382440   14.567989492
    0.484000000    2.441729120   16.081166384
    0.486000000    2.408077997   17.564048016
    0.488000000    2.371499670   19.006875192
    0.490000000    2.332082571   20.401668903
    0.492000000    2.289928834   21.742798307
    0.494000000    2.245149089   23.027469270
    0.496000000    2.197856391   24.256105267
    0.498000000    2.148159511   25.432595725
    0.500000000    2.096155883   26.564391301
    0.502000000    2.041924522   27.662431000
    0.504000000    1.985519274   28.740892391
    0.506000000    1.926962729   29.816763048
    0.508000000    1.866241184   30.909238678
    0.510000000    1.803300956   32.038960815
    0.512000000    1.738046376   33.227114201
    0.514000000    1.670339702   34.494410810
    0.516000000    1.600003149   35.859993530
    0.518000000    1.526823162   37.340297645
    0.520000000    1.450556975   38.947912175
    0.522000000    1.370941408   40.690485599
    0.524000000    1.287703772   42.569721518
    0.526000000    1.200574653   44.580509064
    0.528000000    1.109302268   46.710230582
    0.530000000    1.013667993   48.938285039
    0.532000000    0.913502599   51.235860054
    0.534000000    0.808702682   53.565978386
    0.536000000    0.699246699   55.883836403
    0.538000000    0.585210031   58.137442784
    0.540000000    0.466778477   60.268555635
    0.542000000    0.344259571   62.213905769
    0.544000000    0.218091195   63.906683418
    0.546000000    0.088846976   65.278255443
    0.548000000   -0.042761942   66.260070557
    0.550000000   -0.175889089   66.785701605
    0.552000000   -0.309559029   66.792966729
    0.554000000   -0.442677990   66.226065760
    0.556000000   -0.574048726   65.037664508
    0.558000000   -0.702389440   63.190858080
    0.560000000   -0.826356449   60.660945026
    0.562000000   -0.944570164   57.436947009
    0.564000000   -1.055643795   53.522813945
    0.566000000   -1.158214112   48.938261871
    0.568000000   -1.250973475   43.719200216
    0.570000000   -1.332702282   37.917716272
    0.572000000   -1.402300921   31.601597287
    0.574000000   -1.458820310   24.853384320
    0.576000000   -1.501490065   17.768966418
    0.578000000   -1.529743429   10.455738337
    0.580000000   -1.543238102    3.030359476
    0.582000000   -1.541872238   -4.383834539
    0.584000000   -1.525794964  -11.659703617
    0.586000000   -1.495410939  -18.669383313
    0.588000000   -1.451378607  -25.287489345
    0.590000000   -1.394602006  -31.394355967
    0.592000000   -1.326216122  -36.879213747
    0.594000000   -1.247566051  -41.643211212
    0.596000000   -1.160180340  -45.602186774
    0.598000000   -1.065739104  -48.689102284
    0.600000000   -0.966037698  -50.856057477
    0.602000000   -0.862946822  -52.075815229
    0.604000000   -0.758370123  -52.342780761
    0.606000000   -0.654200421  -51.673393280
    0.608000000   -0.552275751  -50.105905621
    0.610000000   -0.454336482  -47.699545789
    0.612000000   -0.361984701  -44.533073247
    0.614000000   -0.276647082  -40.702761866
    0.616000000   -0.199542314  -36.319859942
    0.618000000   -0.131654076  -31.507595002
    0.620000000   -0.073710394  -26.397806722
    0.622000000   -0.026170018  -21.127304538
    0.624000000    0.010783721  -15.834056988
    0.626000000    0.037241367  -10.653327079
    0.628000000    0.053558105   -5.713871690
    0.630000000    0.060337091   -1.134322999
    0.632000000    0.058405823    2.980133956
    0.634000000    0.048786248    6.540681101
    0.636000000    0.032659518    9.477289376
    0.638000000    0.011326467   11.740562461
    0.640000000   -0.013834969   13.302939228
    0.642000000   -0.041414059   14.159211950
    0.644000000   -0.070011912   14.326339093
    0.646000000   -0.098285035   13.842554438
    0.648000000   -0.124986424   12.765797516
    0.650000000   -0.149002878   11.171513235
    0.652000000   -0.169387328    9.149890189
    0.654000000   -0.185385168    6.802626812
    0.656000000   -0.196453723    4.239331556
    0.658000000   -0.202274253    1.573676857
    0.660000000   -0.202756126   -1.080563517
    0.662000000   -0.198033066   -3.613458756
    0.664000000   -0.188451635   -5.922711055
    0.666000000   -0.174552408   -7.917159433
    0.668000000   -0.157044528   -9.519873903
    0.670000000   -0.136774571  -10.670729655
    0.672000000   -0.114690868  -11.328368126
    0.674000000   -0.091804580  -11.471472649
    0.676000000   -0.069148944  -11.099310171
    0.678000000   -0.047738194  -10.231516482
    0.680000000   -0.028527669   -8.907129607
    0.682000000   -0.012376578   -7.182903537
    0.684000000   -0.000014810   -5.130961351
    0.686000000    0.007984967   -2.835871900
    0.688000000    0.011228875   -0.391256721
    0.690000000    0.009516238    2.103947218
    0.692000000    0.002846293    4.549428777
    0.694000000   -0.008583057    6.847498207
    0.696000000   -0.024384416    8.906983228
    0.698000000   -0.043997627   10.646873603
    0.700000000   -0.066713421   11.999569766
    0.702000000   -0.091703059   12.913604442
    0.704000000   -0.118052793   13.355724859
    0.706000000   -0.144801776   13.312246710
    0.708000000   -0.170981902   12.789618464
    0.710000000   -0.195657947   11.814165180
    0.712000000   -0.217966385   10.431013404
    0.714000000   -0.237151260    8.702231820
    0.716000000   -0.252595600    6.704254817
    0.718000000   -0.263847051    4.524686634
    0.720000000   -0.270636597    2.258611049
    0.722000000   -0.272889525    0.004554360
    0.724000000   -0.270728106   -2.139733248
    0.726000000   -0.264465807   -4.081501989
    0.728000000   -0.254593195   -5.737052613
    0.730000000   -0.241756064   -7.035436198
    0.732000000   -0.226726650   -7.921638561
    0.734000000   -0.210369119   -8.359102746
    0.736000000   -0.193600775   -8.331468281
    0.738000000   -0.177350646   -7.843437168
    0.740000000   -0.162517269   -6.920712567
    0.742000000   -0.149927528   -5.608995632
    0.744000000   -0.140298436   -3.972067280
    0.746000000   -0.134203601   -2.089023095
    0.748000000   -0.132045989   -0.050769309
    0.750000000   -0.134038323    2.044076011
    0.752000000   -0.140192113    4.093701547
    0.754000000   -0.150315998    5.997841995
    0.756000000   -0.164023599    7.662523166
    0.758000000   -0.180750683    9.004591571
    0.760000000   -0.199780989    9.955810617
    0.762000000   -0.220279649   10.466319308
    0.764000000   -0.241332722   10.507273104
    0.766000000   -0.261991082   10.072519823
    0.768000000   -0.281316585    9.179204865
    0.770000000   -0.298428335    7.867248162
    0.772000000   -0.312546764    6.197688079
    0.774000000   -0.323033302    4.249942612
    0.776000000   -0.329423572    2.118093289
    0.778000000   -0.331452301   -0.093650714
    0.780000000   -0.329068508   -2.276104112
    0.782000000   -0.322439974   -4.320630129
    0.784000000   -0.311946506   -6.124767600
    0.786000000   -0.298162094   -7.597674388
    0.788000000   -0.281826595   -8.665099222
    0.790000000   -0.263808180   -9.273607000
    0.792000000   -0.245058286   -9.393810454
    0.794000000   -0.226561277   -9.022403074
    0.796000000   -0.209281358   -8.182843121
    0.798000000   -0.194109557   -6.924604163
    0.800000000   -0.181813651   -5.320981083
    0.802000000   -0.172993872   -3.465518450
    0.804000000   -0.168047025   -1.467206600
    0.806000000   -0.167141268    0.555334475
    0.808000000   -0.170203292    2.480396590
    0.810000000   -0.176919047    4.190108872
    0.812000000   -0.186748372    5.577367481
    0.814000000   -0.198953165    6.552370602
    0.816000000   -0.212637895    7.048362202
    0.818000000   -0.226800499    7.026213539
    0.820000000   -0.240391002    6.477520078
    0.822000000   -0.252374630    5.425962058
    0.824000000   -0.261795774    3.926766995
    0.826000000   -0.267838910    2.064217950
    0.828000000   -0.269882629   -0.052732695
    0.830000000   -0.267543143   -2.296564181
    0.832000000   -0.260704108   -4.528706043
    0.834000000   -0.249530316   -6.608070635
    0.836000000   -0.234463725   -8.400106563
    0.838000000   -0.216201310   -9.785815814
    0.840000000   -0.195655412  -10.670144198
    0.842000000   -0.173898427  -10.989157299
    0.844000000   -0.152094816  -10.715455464
    0.846000000   -0.131424437   -9.861362145
    0.848000000   -0.113002043   -8.479538306
    0.850000000   -0.097798288   -6.660827163
    0.852000000   -0.086567848   -4.529311005
    0.854000000   -0.079790094   -2.234755528
    0.856000000   -0.077627183    0.057184836
    0.858000000   -0.079903531    2.176438298
    0.860000000   -0.086109308    3.960936171
    0.862000000   -0.095429018    5.269127386
    0.864000000   -0.106794433    5.991655800
    0.866000000   -0.118959250    6.061255002
    0.868000000   -0.130591007    5.459971500
    0.870000000   -0.140374128    4.222956933
    0.872000000   -0.147116634    2.438271766
    0.874000000   -0.149852204    0.242409453
    0.876000000   -0.147929008   -2.188432240
    0.878000000   -0.141077096   -4.650956344
    0.880000000   -0.129447301   -6.930514643
    0.882000000   -0.113616358   -8.818928828
    0.884000000   -0.094555417  -10.133031065
    0.886000000   -0.073562042  -10.732369015
    0.888000000   -0.052159008  -10.534430761
    0.890000000   -0.031966466   -9.525790166
    0.892000000   -0.014557095   -7.767767993
    0.894000000   -0.001306339   -5.395552476
    0.896000000    0.006748553   -2.610215431
    0.898000000    0.009026384    0.336327999
    0.900000000    0.005483291    3.162676328
    0.902000000   -0.003353841    5.584159268
    0.904000000   -0.016409552    7.341785199
    0.906000000   -0.032140386    8.231230515
    0.908000000   -0.048670979    8.128819773
    0.910000000   -0.063976457    7.011349049
    0.912000000   -0.076095854    4.966833059
    0.914000000   -0.083355948    2.193844302
    0.916000000   -0.084581099   -1.011937734
    0.918000000   -0.079263205   -4.284075415
    0.920000000   -0.067667084   -7.223213759
    0.922000000   -0.050851080   -9.443383986
    0.924000000   -0.030590301  -10.622183844
    0.926000000   -0.009200425  -10.548968097
    0.928000000    0.010727382   -9.164404576
    0.930000000    0.026656394   -6.584695579
    0.932000000    0.036462367   -3.104611971
    0.934000000    0.038772922    0.824655626
    0.936000000    0.033236210    4.643964404
    0.938000000    0.020668128    7.758434072
    0.940000000    0.003036657    9.626611742
    0.942000000   -0.016740212    9.855561062
    0.944000000   -0.035180756    8.287300863
    0.946000000   -0.048776197    5.059953680
    0.948000000   -0.054610584    0.627218207
    0.950000000   -0.050966559   -4.276917802
    0.952000000   -0.037799819   -8.734507927
    0.954000000   -0.016962151  -11.797051111
    0.956000000    0.007926472  -12.679047232
    0.958000000    0.032008431  -10.960785945
    0.960000000    0.050098539   -6.757067706
    0.962000000    0.057855604   -0.801380497
    0.964000000    0.052996753    5.602707159
    0.966000000    0.036252548   10.795404420
    0.968000000    0.011725316   13.140082410
    0.970000000   -0.013641331   11.519862845
    0.972000000   -0.031618335    5.843134714
    0.974000000   -0.035131808   -2.609177514
    0.976000000   -0.021071244  -11.197872846
    0.978000000    0.007452337  -16.486311127
    0.980000000    0.040593902  -15.422047512
    0.982000000    0.064136421   -6.974857190
    0.984000000    0.065171915    6.309953192
    0.986000000    0.040008523   17.842405934
    0.988000000    0.000821352   18.945602123
    0.990000000   -0.025043282    4.351192619
    0.992000000   -0.010055212  -19.384323333
    0.994000000    0.042693953  -28.071604778
    0.996000000    0.072068626    6.761519285
    0.998000000    0.006767049   46.828498336
    1.000000000    0.074250820 -220.935166157
