#! FIELDS dcf targetdist
#! SET min_dcf 1.0
#! SET max_dcf 2.0
#! SET nbins_dcf  200
#! SET periodic_dcf false
 1.000000 0.000000
 1.005000 0.000000
 1.010000 0.000000
 1.015000 0.000000
 1.020000 0.000000
 1.025000 0.000000
 1.030000 0.000000
 1.035000 0.000000
 1.040000 0.000000
 1.045000 0.000000
 1.050000 0.000000
 1.055000 0.000000
 1.060000 0.000000
 1.065000 0.000000
 1.070000 0.000000
 1.075000 0.000000
 1.080000 0.000000
 1.085000 0.000000
 1.090000 0.000000
 1.095000 0.000000
 1.100000 0.000000
 1.105000 0.000000
 1.110000 0.000000
 1.115000 0.000000
 1.120000 0.000000
 1.125000 0.000000
 1.130000 0.000000
 1.135000 0.000000
 1.140000 0.000000
 1.145000 0.000000
 1.150000 0.000000
 1.155000 0.000003
 1.160000 0.000015
 1.165000 0.000069
 1.170000 0.000250
 1.175000 0.000761
 1.180000 0.001988
 1.185000 0.004569
 1.190000 0.009464
 1.195000 0.017993
 1.200000 0.031832
 1.205000 0.052919
 1.210000 0.083127
 1.215000 0.123630
 1.220000 0.174356
 1.225000 0.234220
 1.230000 0.302020
 1.235000 0.377168
 1.240000 0.459775
 1.245000 0.550607
 1.250000 0.651546
 1.255000 0.765988
 1.260000 0.897739
 1.265000 1.048585
 1.270000 1.217412
 1.275000 1.403249
 1.280000 1.609974
 1.285000 1.846656
 1.290000 2.120816
 1.295000 2.430847
 1.300000 2.765775
 1.305000 3.111870
 1.310000 3.458830
 1.315000 3.801697
 1.320000 4.138874
 1.325000 4.468077
 1.330000 4.784091
 1.335000 5.080976
 1.340000 5.355129
 1.345000 5.605179
 1.350000 5.829443
 1.355000 6.023579
 1.360000 6.179425
 1.365000 6.286578
 1.370000 6.337282
 1.375000 6.331045
 1.380000 6.2743438
 1.385000 6.1772235
 1.390000 6.0512878
 1.395000 5.9083894
 1.400000 5.7562589
 1.405000 5.5931066
 1.410000 5.4080972
 1.415000 5.1888689
 1.420000 4.9294459
 1.425000 4.6336797
 1.430000 4.3142714
 1.435000 3.9895553
 1.440000 3.6783968
 1.445000 3.3934513
 1.450000 3.1357403
 1.455000 2.8954977
 1.460000 2.6604883
 1.465000 2.4246238
 1.470000 2.1905334
 1.475000 1.9670296
 1.480000 1.7645678
 1.485000 1.5898450
 1.490000 1.4427213
 1.495000 1.3176946
 1.500000 1.2076103
 1.505000 1.1060391
 1.510000 1.0085228
 1.515000 0.9135235
 1.520000 0.8227734
 1.525000 0.7400215
 1.530000 0.6686297
 1.535000 0.6094282
 1.540000 0.560117
 1.545000 0.516264
 1.550000 0.473220
 1.555000 0.428235
 1.560000 0.381525
 1.565000 0.335269
 1.570000 0.291392
 1.575000 0.250308
 1.580000 0.211580
 1.585000 0.175167
 1.590000 0.141801
 1.595000 0.112487
 1.600000 0.087864
 1.605000 0.067864
 1.610000 0.051818
 1.615000 0.039048
 1.620000 0.029366
 1.625000 0.022824
 1.630000 0.018977
 1.635000 0.016652
 1.640000 0.014501
 1.645000 0.011726
 1.650000 0.008394
 1.655000 0.005162
 1.660000 0.002671
 1.665000 0.001146
 1.670000 0.000402
 1.675000 0.000114
 1.680000 0.000026
 1.685000 0.000004
 1.690000 0.000000
 1.695000 0.000000
 1.700000 0.000000
 1.705000 0.000000
 1.710000 0.000000
 1.715000 0.000000
 1.720000 0.000000
 1.725000 0.000000
 1.730000 0.000000
 1.735000 0.000000
 1.740000 0.000000
 1.745000 0.000000
 1.750000 0.000000
 1.755000 0.000000
 1.760000 0.000000
 1.765000 0.000000
 1.770000 0.000000
 1.775000 0.000000
 1.780000 0.000000
 1.785000 0.000000
 1.790000 0.000000
 1.795000 0.000000
 1.800000 0.000000
 1.805000 0.000000
 1.810000 0.000000
 1.815000 0.000000
 1.820000 0.000000
 1.825000 0.000000
 1.830000 0.000000
 1.835000 0.000000
 1.840000 0.000000
 1.845000 0.000000
 1.850000 0.000000
 1.855000 0.000000
 1.860000 0.000000
 1.865000 0.000000
 1.870000 0.000000
 1.875000 0.000000
 1.880000 0.000000
 1.885000 0.000000
 1.890000 0.000000
 1.895000 0.000000
 1.900000 0.000000
 1.905000 0.000000
 1.910000 0.000000
 1.915000 0.000000
 1.920000 0.000000
 1.925000 0.000000
 1.930000 0.000000
 1.935000 0.000000
 1.940000 0.000000
 1.945000 0.000000
 1.950000 0.000000
 1.955000 0.000000
 1.960000 0.000000
 1.965000 0.000000
 1.970000 0.000000
 1.975000 0.000000
 1.980000 0.000000
 1.985000 0.000000
 1.990000 0.000000
 1.995000 0.000000
 2.000000 0.000000
