#! FIELDS ang external.bias der_ang
#! SET min_ang pi/2
#! SET max_ang pi
#! SET nbins_ang  501
#! SET periodic_ang false
    1.570796327   -0.182152132   -5.048835432
    1.573937919   -0.189745208    5.585799585
    1.577079512   -0.205138944    3.725922777
    1.580221105   -0.213696527    2.056298584
    1.583362697   -0.220078225    2.241412279
    1.586504290   -0.228529617    3.154048550
    1.589645883   -0.239551701    3.763908989
    1.592787475   -0.251489860    3.732547297
    1.595929068   -0.262492293    3.217719167
    1.599070661   -0.271547032    2.547341571
    1.602212253   -0.278625615    1.993843594
    1.605353846   -0.284334544    1.683645840
    1.608495439   -0.289448851    1.604149826
    1.611637031   -0.294553861    1.657777050
    1.614778624   -0.299876922    1.723702088
    1.617920217   -0.305293598    1.704790333
    1.621061809   -0.310446175    1.551788154
    1.624203402   -0.314903759    1.266426617
    1.627344995   -0.318307163    0.889893787
    1.630486587   -0.320464636    0.484291473
    1.633628180   -0.321387122    0.113620252
    1.636769773   -0.321269166   -0.171264410
    1.639911365   -0.320431923   -0.341549599
    1.643052958   -0.319248407   -0.392956549
    1.646194550   -0.318069701   -0.342896338
    1.649336143   -0.317166194   -0.224067823
    1.652477736   -0.316691961   -0.076450649
    1.655619328   -0.316674485    0.060567050
    1.658760921   -0.317027129    0.154630134
    1.661902514   -0.317578537    0.184664082
    1.665044106   -0.318111543    0.142680012
    1.668185699   -0.318404092    0.033312221
    1.671327292   -0.318265748   -0.128440053
    1.674468884   -0.317565095   -0.320634030
    1.677610477   -0.316245447   -0.518297648
    1.680752070   -0.314328296   -0.697226684
    1.683893662   -0.311905678   -0.837181946
    1.687035255   -0.309123863   -0.924166322
    1.690176848   -0.306161567   -0.951631576
    1.693318440   -0.303206062   -0.920620266
    1.696460033   -0.300430351   -0.838974007
    1.699601626   -0.297974021   -0.719827027
    1.702743218   -0.295929607   -0.579651538
    1.705884811   -0.294335435   -0.436131307
    1.709026404   -0.293175076   -0.306118153
    1.712167996   -0.292382813   -0.203880965
    1.715309589   -0.291853935   -0.139797177
    1.718451182   -0.291458340   -0.119570897
    1.721592774   -0.291055725   -0.143997833
    1.724734367   -0.290510695   -0.209240503
    1.727875959   -0.289706316   -0.307532372
    1.731017552   -0.288554922   -0.428198693
    1.734159145   -0.287005377   -0.558865702
    1.737300737   -0.285046430   -0.686727590
    1.740442330   -0.282706144   -0.799750435
    1.743583923   -0.280047787   -0.887711563
    1.746725515   -0.277162815   -0.942998335
    1.749867108   -0.274161791   -0.961119371
    1.753008701   -0.271164177   -0.940910562
    1.756150293   -0.268287944   -0.884445587
    1.759291886   -0.265639896   -0.796684017
    1.762433479   -0.263307435   -0.684908076
    1.765575071   -0.261352356   -0.558011066
    1.768716664   -0.259807012   -0.425706107
    1.771858257   -0.258673013   -0.297723573
    1.774999849   -0.257922363   -0.183060139
    1.778141442   -0.257500821   -0.089332669
    1.781283035   -0.257333060   -0.022277608
    1.784424627   -0.257329139    0.014577887
    1.787566220   -0.257391722    0.020061614
    1.790707813   -0.257423465   -0.004678424
    1.793849405   -0.257334036   -0.056373720
    1.796990998   -0.257046273   -0.129974105
    1.800132591   -0.256501106   -0.219092249
    1.803274183   -0.255660968   -0.316515711
    1.806415776   -0.254511542   -0.414746785
    1.809557368   -0.253061814   -0.506531564
    1.812698961   -0.251342536   -0.585343295
    1.815840554   -0.249403275   -0.645790714
    1.818982146   -0.247308333   -0.683929120
    1.822123739   -0.245131852   -0.697459900
    1.825265332   -0.242952489   -0.685812370
    1.828406924   -0.240848011   -0.650109759
    1.831548517   -0.238890163   -0.593028352
    1.834690110   -0.237140142   -0.518564868
    1.837831702   -0.235644901   -0.431731870
    1.840973295   -0.234434511   -0.338204107
    1.844114888   -0.233520669   -0.243940208
    1.847256480   -0.232896404   -0.154804101
    1.850398073   -0.232536941   -0.076208998
    1.853539666   -0.232401626   -0.012804072
    1.856681258   -0.232436739    0.031779805
    1.859822851   -0.232579005    0.055113322
    1.862964444   -0.232759550    0.056073850
    1.866106036   -0.232908072    0.034870208
    1.869247629   -0.232956953   -0.007010428
    1.872389222   -0.232845103   -0.066926704
    1.875530814   -0.232521308   -0.141267983
    1.878672407   -0.231946921   -0.225686706
    1.881814000   -0.231097764   -0.315363118
    1.884955592   -0.229965181   -0.405286213
    1.888097185   -0.228556184   -0.490534747
    1.891238777   -0.226892757   -0.566542971
    1.894380370   -0.225010355   -0.629337332
    1.897521963   -0.222955720   -0.675732656
    1.900663555   -0.220784166   -0.703479003
    1.903805148   -0.218556478   -0.711353464
    1.906946741   -0.216335616   -0.699194278
    1.910088333   -0.214183406   -0.667877849
    1.913229926   -0.212157382   -0.619242113
    1.916371519   -0.210307952   -0.555962356
    1.919513111   -0.208676012   -0.481387738
    1.922654704   -0.207291130   -0.399348416
    1.925796297   -0.206170358   -0.313944216
    1.928937889   -0.205317731   -0.229326281
    1.932079482   -0.204724446   -0.149482978
    1.935221075   -0.204369686   -0.078040676
    1.938362667   -0.204222045   -0.018088849
    1.941504260   -0.204241446    0.027962640
    1.944645853   -0.204381451    0.058488097
    1.947787445   -0.204591833    0.072708501
    1.950929038   -0.204821278    0.070710269
    1.954070631   -0.205020078    0.053420764
    1.957212223   -0.205142677    0.022543090
    1.960353816   -0.205149962   -0.019545423
    1.963495408   -0.205011174   -0.069925056
    1.966637001   -0.204705383   -0.125288659
    1.969778594   -0.204222432   -0.182111671
    1.972920186   -0.203563351   -0.236828693
    1.976061779   -0.202740203   -0.286008103
    1.979203372   -0.201775405   -0.326516520
    1.982344964   -0.200700555   -0.355665703
    1.985486557   -0.199554831   -0.371335456
    1.988628150   -0.198383053   -0.372067429
    1.991769742   -0.197233501   -0.357126187
    1.994911335   -0.196155588   -0.326525485
    1.998052928   -0.195197515   -0.281019357
    2.001194520   -0.194404002   -0.222059176
    2.004336113   -0.193814211   -0.151719388
    2.007477706   -0.193459933   -0.072595912
    2.010619298   -0.193364149    0.012317674
    2.013760891   -0.193539990    0.099770173
    2.016902484   -0.193990163    0.186402494
    2.020044076   -0.194706855    0.268900247
    2.023185669   -0.195672104    0.344142412
    2.026327262   -0.196858631    0.409339627
    2.029468854   -0.198231076    0.462156218
    2.032610447   -0.199747591    0.500810918
    2.035752040   -0.201361704    0.524152264
    2.038893632   -0.203024380    0.531705789
    2.042035225   -0.204686184    0.523691426
    2.045176817   -0.206299449    0.501010789
    2.048318410   -0.207820363    0.465205320
    2.051460003   -0.209210871    0.418387456
    2.054601595   -0.210440337    0.363148102
    2.057743188   -0.211486868    0.302444578
    2.060884781   -0.212338275    0.239474012
    2.064026373   -0.212992612    0.177537611
    2.067167966   -0.213458286    0.119901559
    2.070309559   -0.213753730    0.069660360
    2.073451151   -0.213906659    0.029608197
    2.076592744   -0.213952942    0.002123545
    2.079734337   -0.213935136   -0.010928414
    2.082875929   -0.213900749   -0.008271748
    2.086017522   -0.213900302    0.010728755
    2.089159115   -0.213985267    0.046042468
    2.092300707   -0.214205974    0.096974925
    2.095442300   -0.214609562    0.162196625
    2.098583893   -0.215238066    0.239797250
    2.101725485   -0.216126702    0.327362941
    2.104867078   -0.217302440    0.422073356
    2.108008671   -0.218782894    0.520814522
    2.111150263   -0.220575598    0.620302895
    2.114291856   -0.222677672    0.717215664
    2.117433449   -0.225075909    0.808322125
    2.120575041   -0.227747264    0.890610986
    2.123716634   -0.230659734    0.961408634
    2.126858226   -0.233773584    1.018483830
    2.129999819   -0.237042883    1.060134827
    2.133141412   -0.240417275    1.085255640
    2.136283004   -0.243843923    1.093379015
    2.139424597   -0.247269554    1.084694556
    2.142566190   -0.250642516    1.060041432
    2.145707782   -0.253914774    1.020876061
    2.148849375   -0.257043768    0.969216115
    2.151990968   -0.259994060    0.907563073
    2.155132560   -0.262738706    0.838806370
    2.158274153   -0.265260308    0.766112833
    2.161415746   -0.267551692    0.692805660
    2.164557338   -0.269616206    0.622237556
    2.167698931   -0.271467609    0.557662829
    2.170840524   -0.273129568    0.502113288
    2.173982116   -0.274634768    0.458282587
    2.177123709   -0.276023691    0.428423375
    2.180265302   -0.277343090    0.414261058
    2.183406894   -0.278644216    0.416927408
    2.186548487   -0.279980885    0.436916473
    2.189690080   -0.281407435    0.474064407
    2.192831672   -0.282976655    0.527553978
    2.195973265   -0.284737777    0.595943582
    2.199114858   -0.286734591    0.677219676
    2.202256450   -0.289003753    0.768870718
    2.205398043   -0.291573368    0.867979881
    2.208539635   -0.294461882    0.971333140
    2.211681228   -0.297677329    1.075538766
    2.214822821   -0.301216976    1.177153844
    2.217964413   -0.305067361    1.272813167
    2.221106006   -0.309204738    1.359355791
    2.224247599   -0.313595912    1.433944577
    2.227389191   -0.318199423    1.494174351
    2.230530784   -0.322967059    1.538164647
    2.233672377   -0.327845625    1.564633626
    2.236813969   -0.332778909    1.572950367
    2.239955562   -0.337709782    1.563163549
    2.243097155   -0.342582341    1.536005356
    2.246238747   -0.347344036    1.492870349
    2.249380340   -0.351947678    1.435769930
    2.252521933   -0.356353284    1.367263912
    2.255663525   -0.360529656    1.290371528
    2.258805118   -0.364455669    1.208464974
    2.261946711   -0.368121186    1.125149200
    2.265088303   -0.371527598    1.044132189
    2.268229896   -0.374687925    0.969090331
    2.271371489   -0.377626515    0.903533677
    2.274513081   -0.380378308    0.850675923
    2.277654674   -0.382987715    0.813313813
    2.280796267   -0.385507138    0.793720364
    2.283937859   -0.387995177    0.793555852
    2.287079452   -0.390514594    0.813799887
    2.290221044   -0.393130097    0.854707212
    2.293362637   -0.395906030    0.915789020
    2.296504230   -0.398904038    0.995820698
    2.299645822   -0.402180806    1.092876011
    2.302787415   -0.405785938    1.204386758
    2.305929008   -0.409760070    1.327226092
    2.309070600   -0.414133270    1.457812780
    2.312212193   -0.418923799    1.592232964
    2.315353786   -0.424137276    1.726375322
    2.318495378   -0.429766280    1.856075014
    2.321636971   -0.435790415    1.977261430
    2.324778564   -0.442176840    2.086104610
    2.327920156   -0.448881241    2.179155146
    2.331061749   -0.455849237    2.253472585
    2.334203342   -0.463018156    2.306737680
    2.337344934   -0.470319142    2.337344349
    2.340486527   -0.477679504    2.344467864
    2.343628120   -0.485025246    2.328106577
    2.346769712   -0.492283681    2.289095392
    2.349911305   -0.499386044    2.229090128
    2.353052898   -0.506270005    2.150522960
    2.356194490   -0.512882003    2.056530119
    2.359336083   -0.519179313    1.950853996
    2.362477675   -0.525131761    1.837722771
    2.365619268   -0.530723043    1.721711454
    2.368760861   -0.535951570    1.607588982
    2.371902453   -0.540830833    1.500156533
    2.375044046   -0.545389237    1.404082623
    2.378185639   -0.549669434    1.323740749
    2.381327231   -0.553727150    1.263055314
    2.384468824   -0.557629546    1.225361406
    2.387610417   -0.561453176    1.213283589
    2.390752009   -0.565281590    1.228638271
    2.393893602   -0.569202680    1.272363482
    2.397035195   -0.573305848    1.344479002
    2.400176787   -0.577679103    1.444078735
    2.403318380   -0.582406182    1.569356151
    2.406459973   -0.587563801    1.717662471
    2.409601565   -0.593219149    1.885596090
    2.412743158   -0.599427695    2.069120615
    2.415884751   -0.606231414    2.263707851
    2.419026343   -0.613657495    2.464501076
    2.422167936   -0.621717585    2.666493171
    2.425309529   -0.630407608    2.864713514
    2.428451121   -0.639708178    3.054417110
    2.431592714   -0.649585598    3.231269211
    2.434734307   -0.659993429    3.391518681
    2.437875899   -0.670874568    3.532153621
    2.441017492   -0.682163788    3.651033244
    2.444159084   -0.693790645    3.746990681
    2.447300677   -0.705682654    3.819902316
    2.450442270   -0.717768626    3.870720340
    2.453583862   -0.729982052    3.901466423
    2.456725455   -0.742264399    3.915185748
    2.459867048   -0.754568202    3.915862050
    2.463008640   -0.766859831    3.908295721
    2.466150233   -0.779121819    3.897948398
    2.469291826   -0.791354660    3.890758791
    2.472433418   -0.803577985    3.892935636
    2.475575011   -0.815831062    3.910734690
    2.478716604   -0.828172588    3.950227442
    2.481858196   -0.840679736    4.017069775
    2.484999789   -0.853446506    4.116279050
    2.488141382   -0.866581380    4.252028082
    2.491282974   -0.880204387    4.427464129
    2.494424567   -0.894443629    4.644560399
    2.497566160   -0.909431417    4.904006656
    2.500707752   -0.925300119    5.205144340
    2.503849345   -0.942177890    5.545950187
    2.506990938   -0.960184424    5.923070745
    2.510132530   -0.979426894    6.331908406
    2.513274123   -0.999996250    6.766757775
    2.516415716   -1.021964009    7.220989289
    2.519557308   -1.045379702    7.687275182
    2.522698901   -1.070269081    8.157851178
    2.525840493   -1.096633195    8.624805688
    2.528982086   -1.124448407    9.080386971
    2.532123679   -1.153667391    9.517317652
    2.535265271   -1.184221110    9.929105228
    2.538406864   -1.216021753   10.310336863
    2.541548457   -1.248966556   10.656946747
    2.544690049   -1.282942400   10.966444779
    2.547831642   -1.317831062   11.238096123
    2.550973235   -1.353514935   11.473042483
    2.554114827   -1.389883028   11.674357521
    2.557256420   -1.426837029   11.847030819
    2.560398013   -1.464297202   11.997877011
    2.563539605   -1.502207880   12.135369181
    2.566681198   -1.540542310   12.269398196
    2.569822791   -1.579306647   12.410962342
    2.572964383   -1.618542853   12.571794238
    2.576105976   -1.658330351   12.763934535
    2.579247569   -1.698786269   12.999264234
    2.582389161   -1.740064162   13.289009466
    2.585530754   -1.782351159   13.643234222
    2.588672347   -1.825863524   14.070337743
    2.591813939   -1.870840657   14.576573952
    2.594955532   -1.917537652   15.165610464
    2.598097125   -1.966216551   15.838144274
    2.601238717   -2.017136501   16.591590179
    2.604380310   -2.070543065   17.419856396
    2.607521902   -2.126656984   18.313219640
    2.610663495   -2.185662710   19.258309286
    2.613805088   -2.247697077   20.238207097
    2.616946680   -2.312838468   21.232665537
    2.620088273   -2.381096849   22.218443991
    2.623229866   -2.452405048   23.169758316
    2.626371458   -2.526611607   24.058835315
    2.629513051   -2.603475526   24.856559913
    2.632654644   -2.682663173   25.533199354
    2.635796236   -2.763747551   26.059185514
    2.638937829   -2.846210104   26.405933837
    2.642079422   -2.929445105   26.546675281
    2.645221014   -3.012766662   26.457276319
    2.648362607   -3.095418234   26.117021431
    2.651504200   -3.176584524   25.509332718
    2.654645792   -3.255405492   24.622402331
    2.657787385   -3.330992198   23.449715275
    2.660928978   -3.402444079   21.990442860
    2.664070570   -3.468867249   20.249690462
    2.667212163   -3.529393318   18.238587387
    2.670353756   -3.583198247   15.974211223
    2.673495348   -3.629520692   13.479344108
    2.676636941   -3.667679331   10.782063614
    2.679778534   -3.697088643    7.915176307
    2.682920126   -3.717272690    4.915507259
    2.686061719   -3.727876455    1.823063788
    2.689203311   -3.728674386   -1.319903848
    2.692344904   -3.719575869   -4.469918213
    2.695486497   -3.700627416   -7.583337254
    2.698628089   -3.672011493  -10.617431883
    2.701769682   -3.634041977  -13.531445689
    2.704911275   -3.587156355  -16.287603873
    2.708052867   -3.531904880  -18.852039612
    2.711194460   -3.468936978  -21.195608302
    2.714336053   -3.398985311  -23.294563423
    2.717477645   -3.322847971  -25.131072077
    2.720619238   -3.241369314  -26.693553381
    2.723760831   -3.155420035  -27.976828748
    2.726902423   -3.065877076  -28.982079400
    2.730044016   -2.973603954  -29.716613089
    2.733185609   -2.879432130  -30.193448619
    2.736327201   -2.784143933  -30.430733202
    2.739468794   -2.688457564  -30.451013650
    2.742610387   -2.593014579  -30.280387673
    2.745751979   -2.498370185  -29.947565915
    2.748893572   -2.404986584  -29.482878601
    2.752035165   -2.313229474  -28.917262685
    2.755176757   -2.223367719  -28.281265990
    2.758318350   -2.135576070  -27.604104095
    2.761459943   -2.049940721  -26.912803478
    2.764601535   -1.966467387  -26.231460905
    2.767743128   -1.885091485  -25.580644265
    2.770884720   -1.805689959  -24.976954181
    2.774026313   -1.728094199  -24.432759052
    2.777167906   -1.652103525  -23.956108912
    2.780309498   -1.577498653  -23.550825972
    2.783451091   -1.504054616  -23.216762201
    2.786592684   -1.431552633  -22.950207238
    2.789734276   -1.359790488  -22.744423515
    2.792875869   -1.288591068  -22.590280098
    2.796017462   -1.217808796  -22.476952647
    2.799159054   -1.147333802  -22.392654317
    2.802300647   -1.077093807  -22.325361441
    2.805442240   -1.007053771  -22.263498653
    2.808583832   -0.937213500  -22.196550617
    2.811725425   -0.867603492  -22.115571704
    2.814867018   -0.798279357  -22.013570651
    2.818008610   -0.729315263  -21.885754097
    2.821150203   -0.660796840  -21.729620744
    2.824291796   -0.592814031  -21.544906205
    2.827433388   -0.525454332  -21.333387079
    2.830574981   -0.458796859  -21.098560832
    2.833716574   -0.392907576  -20.845225399
    2.836858166   -0.327835966  -20.578988414
    2.839999759   -0.263613312  -20.305740383
    2.843141351   -0.200252638  -20.031128554
    2.846282944   -0.137750259  -19.760068508
    2.849424537   -0.076088749  -19.496328442
    2.852566129   -0.015241074  -19.242216837
    2.855707722    0.044824502  -18.998397729
    2.858849315    0.104139144  -18.763849545
    2.861990907    0.162728280  -18.535973764
    2.865132500    0.220607016  -18.310849047
    2.868274093    0.277776546  -18.083615670
    2.871415685    0.334221953  -17.848964650
    2.874557278    0.389911661  -17.601696745
    2.877698871    0.444798703  -17.337309096
    2.880840463    0.498823805  -17.052562437
    2.883982056    0.551920171  -16.745979996
    2.887123649    0.604019651  -16.418230800
    2.890265241    0.655059891  -16.072355367
    2.893406834    0.704991882  -15.713800575
    2.896548427    0.753787307  -15.350242601
    2.899690019    0.801444977  -14.991191650
    2.902831612    0.847995694  -14.647388945
    2.905973205    0.893504937  -14.330024103
    2.909114797    0.938072855  -14.049818332
    2.912256390    0.981831248  -13.816034547
    2.915397983    1.024937428  -13.635488157
    2.918539575    1.067565066  -13.511640531
    2.921681168    1.109892444  -13.443859985
    2.924822760    1.152088749  -13.426931491
    2.927964353    1.194299316  -13.450885789
    2.931105946    1.236630902  -13.501201096
    2.934247538    1.279138231  -13.559406563
    2.937389131    1.321813059  -13.604087193
    2.940530724    1.364576994  -13.612256607
    2.943672316    1.407279121  -13.561029136
    2.946813909    1.449699213  -13.429488784
    2.949955502    1.491556966  -13.200622634
    2.953097094    1.532527195  -12.863163385
    2.956238687    1.572260465  -12.413172849
    2.959380280    1.610408061  -11.855198102
    2.962521872    1.646649725  -11.202846464
    2.965663465    1.680722108  -10.478655677
    2.968805058    1.712445605   -9.713181292
    2.971946650    1.741747056   -8.943282862
    2.975088243    1.768675869   -8.209660776
    2.978229836    1.793411374   -7.553771939
    2.981371428    1.816259783   -7.014328629
    2.984513021    1.837639836   -6.623653685
    2.987654614    1.858057198   -6.404218539
    2.990796206    1.878068727   -6.365720558
    2.993937799    1.898238883   -6.503055388
    2.997079392    1.919091592   -6.795502814
    3.000220984    1.941061792   -7.207367978
    3.003362577    1.964451460   -7.690204057
    3.006504169    1.989395099   -8.186592466
    3.009645762    2.015839309   -8.635281868
    3.012787355    2.043540163   -8.977302318
    3.015928947    2.072080604   -9.162494999
    3.019070540    2.100908111   -9.155753919
    3.022212133    2.129390485   -8.942188349
    3.025353725    2.156885109   -8.530407629
    3.028495318    2.182814631   -7.953223374
    3.031636911    2.206740111   -7.265270565
    3.034778503    2.228421566   -6.537369369
    3.037920096    2.247855942   -5.847869347
    3.041061689    2.265284037   -5.271703808
    3.044203281    2.281160982   -4.868381764
    3.047344874    2.296089472   -4.670586054
    3.050486467    2.310720671   -4.675341950
    3.053628059    2.325634079   -4.839777186
    3.056769652    2.341213647   -5.083224187
    3.059911245    2.357542009   -5.296753967
    3.063052837    2.374336527   -5.360159026
    3.066194430    2.390948758   -5.164968231
    3.069336023    2.406441883   -4.640419259
    3.072477615    2.419748423   -3.777680022
    3.075619208    2.429893581   -2.646356267
    3.078760801    2.436249940   -1.396896805
    3.081902393    2.438770106   -0.243400054
    3.085043986    2.438130314    0.576027864
    3.088185578    2.435715804    0.859574826
    3.091327171    2.433394145    0.514426486
    3.094468764    2.433060321   -0.373882121
    3.097610356    2.435998066   -1.498046960
    3.100751949    2.442179559   -2.337458605
    3.103893542    2.449703406   -2.240558055
    3.107035134    2.454618900   -0.587338977
    3.110176727    2.451359231    2.993218804
    3.113318320    2.433855763    8.423876493
    3.116459912    2.397086779   15.128023847
    3.119601505    2.338330486   22.298828534
    3.122743098    2.256864708   29.633963499
    3.125884690    2.150650378   38.479406622
    3.129026283    2.009475805   52.757142384
    3.132167876    1.807747283   77.788106912
    3.135309468    1.509550612  112.624701154
    3.138451061    1.118898719  126.918990267
    3.141592654    0.847734992    5.341745645
