#! FIELDS d1 targetdist
#! SET min_d1 0.0
#! SET max_d1 2.0
#! SET nbins_d1  800
#! SET periodic_d1 false
 0.000000 0.000000 
 0.002500 0.000000 
 0.005000 0.000000 
 0.007500 0.000000 
 0.010000 0.000000 
 0.012500 0.000000 
 0.015000 0.000000 
 0.017500 0.000000 
 0.020000 0.000000 
 0.022500 0.000000 
 0.025000 0.000000 
 0.027500 0.000000 
 0.030000 0.000000 
 0.032500 0.000000 
 0.035000 0.000000 
 0.037500 0.000000 
 0.040000 0.000000 
 0.042500 0.000000 
 0.045000 0.000000 
 0.047500 0.000000 
 0.050000 0.000000 
 0.052500 0.000000 
 0.055000 0.000000 
 0.057500 0.000000 
 0.060000 0.000000 
 0.062500 0.000000 
 0.065000 0.000000 
 0.067500 0.000000 
 0.070000 0.000000 
 0.072500 0.000000 
 0.075000 0.000000 
 0.077500 0.000000 
 0.080000 0.000000 
 0.082500 0.000000 
 0.085000 0.000000 
 0.087500 0.000000 
 0.090000 0.000000 
 0.092500 0.000000 
 0.095000 0.000000 
 0.097500 0.000000 
 0.100000 0.000000 
 0.102500 0.000000 
 0.105000 0.000000 
 0.107500 0.000000 
 0.110000 0.000000 
 0.112500 0.000000 
 0.115000 0.000000 
 0.117500 0.000000 
 0.120000 0.000000 
 0.122500 0.000000 
 0.125000 0.000000 
 0.127500 0.000000 
 0.130000 0.000000 
 0.132500 0.000000 
 0.135000 0.000000 
 0.137500 0.000000 
 0.140000 0.000000 
 0.142500 0.000000 
 0.145000 0.000000 
 0.147500 0.000000 
 0.150000 0.000000 
 0.152500 0.000000 
 0.155000 0.000000 
 0.157500 0.000000 
 0.160000 0.000000 
 0.162500 0.000000 
 0.165000 0.000000 
 0.167500 0.000000 
 0.170000 0.000000 
 0.172500 0.000000 
 0.175000 0.000000 
 0.177500 0.000000 
 0.180000 0.000000 
 0.182500 0.000000 
 0.185000 0.000000 
 0.187500 0.000000 
 0.190000 0.000000 
 0.192500 0.000000 
 0.195000 0.000000 
 0.197500 0.000000 
 0.200000 0.000000 
 0.202500 0.000000 
 0.205000 0.000000 
 0.207500 0.000000 
 0.210000 0.000000 
 0.212500 0.000000 
 0.215000 0.000000 
 0.217500 0.000000 
 0.220000 0.000000 
 0.222500 0.000000 
 0.225000 0.000000 
 0.227500 0.000000 
 0.230000 0.000000 
 0.232500 0.000000 
 0.235000 0.000000 
 0.237500 0.000000 
 0.240000 0.000000 
 0.242500 0.000000 
 0.245000 0.000000 
 0.247500 0.000000 
 0.250000 0.000000 
 0.252500 0.000000 
 0.255000 0.000000 
 0.257500 0.000000 
 0.260000 0.000000 
 0.262500 0.000000 
 0.265000 0.000000 
 0.267500 0.000000 
 0.270000 0.000000 
 0.272500 0.000000 
 0.275000 0.000000 
 0.277500 0.000000 
 0.280000 0.000000 
 0.282500 0.000000 
 0.285000 0.000000 
 0.287500 0.000000 
 0.290000 0.000000 
 0.292500 0.000000 
 0.295000 0.000000 
 0.297500 0.000000 
 0.300000 0.000000 
 0.302500 0.000000 
 0.305000 0.000000 
 0.307500 0.000000 
 0.310000 0.000000 
 0.312500 0.000000 
 0.315000 0.000000 
 0.317500 0.000000 
 0.320000 0.000000 
 0.322500 0.000000 
 0.325000 0.000000 
 0.327500 0.000000 
 0.330000 0.000000 
 0.332500 0.000000 
 0.335000 0.000000 
 0.337500 0.000000 
 0.340000 0.000000 
 0.342500 0.000000 
 0.345000 0.000000 
 0.347500 0.000000 
 0.350000 0.000000 
 0.352500 0.000000 
 0.355000 0.000000 
 0.357500 0.000000 
 0.360000 0.000000 
 0.362500 0.000000 
 0.365000 0.000000 
 0.367500 0.000000 
 0.370000 0.000000 
 0.372500 0.000000 
 0.375000 0.000000 
 0.377500 0.000000 
 0.380000 0.000000 
 0.382500 0.000000 
 0.385000 0.000000 
 0.387500 0.000000 
 0.390000 0.000000 
 0.392500 0.000000 
 0.395000 0.000000 
 0.397500 0.000000 
 0.400000 0.000000 
 0.402500 0.000000 
 0.405000 0.000000 
 0.407500 0.000000 
 0.410000 0.000000 
 0.412500 0.000000 
 0.415000 0.000000 
 0.417500 0.000000 
 0.420000 0.000000 
 0.422500 0.000000 
 0.425000 0.000000 
 0.427500 0.000000 
 0.430000 0.000000 
 0.432500 0.000000 
 0.435000 0.000000 
 0.437500 0.000000 
 0.440000 0.000000 
 0.442500 0.000000 
 0.445000 0.000000 
 0.447500 0.000000 
 0.450000 0.000000 
 0.452500 0.000000 
 0.455000 0.000000 
 0.457500 0.000000 
 0.460000 0.000000 
 0.462500 0.000000 
 0.465000 0.000000 
 0.467500 0.000000 
 0.470000 0.000000 
 0.472500 0.000000 
 0.475000 0.000000 
 0.477500 0.000000 
 0.480000 0.000000 
 0.482500 0.000000 
 0.485000 0.000000 
 0.487500 0.000000 
 0.490000 0.000000 
 0.492500 0.000000 
 0.495000 0.000000 
 0.497500 0.000000 
 0.500000 0.000000 
 0.502500 0.000000 
 0.505000 0.000000 
 0.507500 0.000000 
 0.510000 0.000000 
 0.512500 0.000000 
 0.515000 0.000000 
 0.517500 0.000000 
 0.520000 0.000000 
 0.522500 0.000000 
 0.525000 0.000001 
 0.527500 0.000001 
 0.530000 0.000003 
 0.532500 0.000007 
 0.535000 0.000015 
 0.537500 0.000030 
 0.540000 0.000054 
 0.542500 0.000095 
 0.545000 0.000157 
 0.547500 0.000249 
 0.550000 0.000376 
 0.552500 0.000545 
 0.555000 0.000758 
 0.557500 0.001020 
 0.560000 0.001331 
 0.562500 0.001697 
 0.565000 0.002132 
 0.567500 0.002658 
 0.570000 0.003310 
 0.572500 0.004134 
 0.575000 0.005184 
 0.577500 0.006517 
 0.580000 0.008188 
 0.582500 0.010246 
 0.585000 0.012733 
 0.587500 0.015697 
 0.590000 0.019189 
 0.592500 0.023284 
 0.595000 0.028085 
 0.597500 0.033736 
 0.600000 0.040424 
 0.602500 0.048379 
 0.605000 0.057865 
 0.607500 0.069159 
 0.610000 0.082524 
 0.612500 0.098183 
 0.615000 0.116293 
 0.617500 0.136937 
 0.620000 0.160141 
 0.622500 0.185913 
 0.625000 0.214292 
 0.627500 0.245422 
 0.630000 0.279598 
 0.632500 0.317292 
 0.635000 0.359140 
 0.637500 0.405890 
 0.640000 0.458325 
 0.642500 0.517157 
 0.645000 0.582932 
 0.647500 0.655959 
 0.650000 0.736257 
 0.652500 0.823579 
 0.655000 0.917469 
 0.657500 1.017373 
 0.660000 1.122786 
 0.662500 1.233377 
 0.665000 1.349080 
 0.667500 1.470111 
 0.670000 1.596887 
 0.672500 1.729886 
 0.675000 1.869462 
 0.677500 2.015707 
 0.680000 2.168352 
 0.682500 2.326795 
 0.685000 2.490190 
 0.687500 2.657598 
 0.690000 2.828122 
 0.692500 3.001010 
 0.695000 3.175667 
 0.697500 3.351602 
 0.700000 3.528335 
 0.702500 3.705261 
 0.705000 3.881561 
 0.707500 4.056163 
 0.710000 4.227791 
 0.712500 4.395085 
 0.715000 4.556765 
 0.717500 4.711814 
 0.720000 4.859628 
 0.722500 5.000101 
 0.725000 5.133573 
 0.727500 5.260732 
 0.730000 5.382364 
 0.732500 5.499121 
 0.735000 5.611229 
 0.737500 5.718355 
 0.740000 5.819514 
 0.742500 5.913187 
 0.745000 5.997557 
 0.747500 6.070845 
 0.750000 6.131644 
 0.752500 6.179156 
 0.755000 6.213287 
 0.757500 6.234552 
 0.760000 6.243868 
 0.762500 6.242283 
 0.765000 6.230719 
 0.767500 6.209822 
 0.770000 6.179906 
 0.772500 6.141051 
 0.775000 6.093226 
 0.777500 6.036441 
 0.780000 5.970930 
 0.782500 5.897160 
 0.785000 5.815847 
 0.787500 5.727901 
 0.790000 5.634316 
 0.792500 5.536096 
 0.795000 5.434171 
 0.797500 5.329316 
 0.800000 5.222106 
 0.802500 5.112904 
 0.805000 5.001833 
 0.807500 4.888882 
 0.810000 4.773909 
 0.812500 4.656824 
 0.815000 4.537602 
 0.817500 4.416381 
 0.820000 4.293400 
 0.822500 4.168985 
 0.825000 4.043484 
 0.827500 3.917239 
 0.830000 3.790556 
 0.832500 3.663753 
 0.835000 3.537159 
 0.837500 3.411091 
 0.840000 3.285890 
 0.842500 3.161915 
 0.845000 3.039558 
 0.847500 2.919210 
 0.850000 2.801294 
 0.852500 2.686225 
 0.855000 2.574367 
 0.857500 2.465991 
 0.860000 2.361257 
 0.862500 2.260206 
 0.865000 2.162769 
 0.867500 2.068799 
 0.870000 1.978076 
 0.872500 1.890327 
 0.875000 1.805285 
 0.877500 1.722659 
 0.880000 1.642235 
 0.882500 1.563870 
 0.885000 1.487523 
 0.887500 1.413253 
 0.890000 1.341197 
 0.892500 1.271526 
 0.895000 1.204407 
 0.897500 1.139950 
 0.900000 1.078173 
 0.902500 1.019017 
 0.905000 0.962327 
 0.907500 0.907932 
 0.910000 0.855681 
 0.912500 0.805503 
 0.915000 0.757423 
 0.917500 0.711572 
 0.920000 0.668116 
 0.922500 0.627226 
 0.925000 0.589029 
 0.927500 0.553557 
 0.930000 0.520737 
 0.932500 0.490387 
 0.935000 0.462246 
 0.937500 0.436025 
 0.940000 0.411442 
 0.942500 0.388270 
 0.945000 0.366344 
 0.947500 0.345575 
 0.950000 0.325924 
 0.952500 0.307378 
 0.955000 0.289919 
 0.957500 0.273519 
 0.960000 0.258131 
 0.962500 0.243693 
 0.965000 0.230149 
 0.967500 0.217449 
 0.970000 0.205542 
 0.972500 0.194380 
 0.975000 0.183906 
 0.977500 0.174051 
 0.980000 0.164718 
 0.982500 0.155805 
 0.985000 0.147194 
 0.987500 0.138782 
 0.990000 0.130495 
 0.992500 0.122308 
 0.995000 0.114249 
 0.997500 0.106402 
 1.000000 0.098888 
 1.002500 0.091832 
 1.005000 0.085340 
 1.007500 0.079460 
 1.010000 0.074181 
 1.012500 0.069430 
 1.015000 0.065102 
 1.017500 0.061080 
 1.020000 0.057266 
 1.022500 0.053591 
 1.025000 0.050025 
 1.027500 0.046558 
 1.030000 0.043204 
 1.032500 0.039975 
 1.035000 0.036889 
 1.037500 0.033960 
 1.040000 0.031208 
 1.042500 0.028660 
 1.045000 0.026346 
 1.047500 0.024301 
 1.050000 0.022544 
 1.052500 0.021073 
 1.055000 0.019858 
 1.057500 0.018839 
 1.060000 0.017946 
 1.062500 0.017102 
 1.065000 0.016249 
 1.067500 0.015355 
 1.070000 0.014416 
 1.072500 0.013445 
 1.075000 0.012470 
 1.077500 0.011522 
 1.080000 0.010619 
 1.082500 0.009772 
 1.085000 0.008983 
 1.087500 0.008246 
 1.090000 0.007557 
 1.092500 0.006916 
 1.095000 0.006324 
 1.097500 0.005785 
 1.100000 0.005302 
 1.102500 0.004871 
 1.105000 0.004484 
 1.107500 0.004122 
 1.110000 0.003765 
 1.112500 0.003400 
 1.115000 0.003014 
 1.117500 0.002612 
 1.120000 0.002203 
 1.122500 0.001806 
 1.125000 0.001440 
 1.127500 0.001122 
 1.130000 0.000862 
 1.132500 0.000661 
 1.135000 0.000515 
 1.137500 0.000416 
 1.140000 0.000353 
 1.142500 0.000315 
 1.145000 0.000294 
 1.147500 0.000284 
 1.150000 0.000279 
 1.152500 0.000278 
 1.155000 0.000279 
 1.157500 0.000280 
 1.160000 0.000281 
 1.162500 0.000281 
 1.165000 0.000281 
 1.167500 0.000280 
 1.170000 0.000279 
 1.172500 0.000278 
 1.175000 0.000276 
 1.177500 0.000275 
 1.180000 0.000276 
 1.182500 0.000277 
 1.185000 0.000280 
 1.187500 0.000284 
 1.190000 0.000291 
 1.192500 0.000299 
 1.195000 0.000308 
 1.197500 0.000319 
 1.200000 0.000330 
 1.202500 0.000341 
 1.205000 0.000352 
 1.207500 0.000362 
 1.210000 0.000372 
 1.212500 0.000381 
 1.215000 0.000390 
 1.217500 0.000401 
 1.220000 0.000414 
 1.222500 0.000431 
 1.225000 0.000453 
 1.227500 0.000481 
 1.230000 0.000515 
 1.232500 0.000554 
 1.235000 0.000595 
 1.237500 0.000634 
 1.240000 0.000665 
 1.242500 0.000682 
 1.245000 0.000678 
 1.247500 0.000651 
 1.250000 0.000600 
 1.252500 0.000530 
 1.255000 0.000445 
 1.257500 0.000356 
 1.260000 0.000271 
 1.262500 0.000195 
 1.265000 0.000132 
 1.267500 0.000085 
 1.270000 0.000052 
 1.272500 0.000030 
 1.275000 0.000016 
 1.277500 0.000008 
 1.280000 0.000004 
 1.282500 0.000002 
 1.285000 0.000001 
 1.287500 0.000000 
 1.290000 0.000000 
 1.292500 0.000000 
 1.295000 0.000000 
 1.297500 0.000000 
 1.300000 0.000000 
 1.302500 0.000000 
 1.305000 0.000000 
 1.307500 0.000000 
 1.310000 0.000000 
 1.312500 0.000000 
 1.315000 0.000000 
 1.317500 0.000000 
 1.320000 0.000000 
 1.322500 0.000000 
 1.325000 0.000000 
 1.327500 0.000000 
 1.330000 0.000000 
 1.332500 0.000000 
 1.335000 0.000000 
 1.337500 0.000000 
 1.340000 0.000000 
 1.342500 0.000000 
 1.345000 0.000000 
 1.347500 0.000000 
 1.350000 0.000000 
 1.352500 0.000000 
 1.355000 0.000000 
 1.357500 0.000000 
 1.360000 0.000000 
 1.362500 0.000000 
 1.365000 0.000000 
 1.367500 0.000000 
 1.370000 0.000000 
 1.372500 0.000000 
 1.375000 0.000000 
 1.377500 0.000000 
 1.380000 0.000000 
 1.382500 0.000000 
 1.385000 0.000000 
 1.387500 0.000000 
 1.390000 0.000000 
 1.392500 0.000000 
 1.395000 0.000000 
 1.397500 0.000000 
 1.400000 0.000000 
 1.402500 0.000000 
 1.405000 0.000000 
 1.407500 0.000000 
 1.410000 0.000000 
 1.412500 0.000000 
 1.415000 0.000000 
 1.417500 0.000000 
 1.420000 0.000000 
 1.422500 0.000000 
 1.425000 0.000000 
 1.427500 0.000000 
 1.430000 0.000000 
 1.432500 0.000000 
 1.435000 0.000000 
 1.437500 0.000000 
 1.440000 0.000000 
 1.442500 0.000000 
 1.445000 0.000000 
 1.447500 0.000000 
 1.450000 0.000000 
 1.452500 0.000000 
 1.455000 0.000000 
 1.457500 0.000000 
 1.460000 0.000000 
 1.462500 0.000000 
 1.465000 0.000000 
 1.467500 0.000000 
 1.470000 0.000000 
 1.472500 0.000000 
 1.475000 0.000000 
 1.477500 0.000000 
 1.480000 0.000000 
 1.482500 0.000000 
 1.485000 0.000000 
 1.487500 0.000000 
 1.490000 0.000000 
 1.492500 0.000000 
 1.495000 0.000000 
 1.497500 0.000000 
 1.500000 0.000000 
 1.502500 0.000000 
 1.505000 0.000000 
 1.507500 0.000000 
 1.510000 0.000000 
 1.512500 0.000000 
 1.515000 0.000000 
 1.517500 0.000000 
 1.520000 0.000000 
 1.522500 0.000000 
 1.525000 0.000000 
 1.527500 0.000000 
 1.530000 0.000000 
 1.532500 0.000000 
 1.535000 0.000000 
 1.537500 0.000000 
 1.540000 0.000000 
 1.542500 0.000000 
 1.545000 0.000000 
 1.547500 0.000000 
 1.550000 0.000000 
 1.552500 0.000000 
 1.555000 0.000000 
 1.557500 0.000000 
 1.560000 0.000000 
 1.562500 0.000000 
 1.565000 0.000000 
 1.567500 0.000000 
 1.570000 0.000000 
 1.572500 0.000000 
 1.575000 0.000000 
 1.577500 0.000000 
 1.580000 0.000000 
 1.582500 0.000000 
 1.585000 0.000000 
 1.587500 0.000000 
 1.590000 0.000000 
 1.592500 0.000000 
 1.595000 0.000000 
 1.597500 0.000000 
 1.600000 0.000000 
 1.602500 0.000000 
 1.605000 0.000000 
 1.607500 0.000000 
 1.610000 0.000000 
 1.612500 0.000000 
 1.615000 0.000000 
 1.617500 0.000000 
 1.620000 0.000000 
 1.622500 0.000000 
 1.625000 0.000000 
 1.627500 0.000000 
 1.630000 0.000000 
 1.632500 0.000000 
 1.635000 0.000000 
 1.637500 0.000000 
 1.640000 0.000000 
 1.642500 0.000000 
 1.645000 0.000000 
 1.647500 0.000000 
 1.650000 0.000000 
 1.652500 0.000000 
 1.655000 0.000000 
 1.657500 0.000000 
 1.660000 0.000000 
 1.662500 0.000000 
 1.665000 0.000000 
 1.667500 0.000000 
 1.670000 0.000000 
 1.672500 0.000000 
 1.675000 0.000000 
 1.677500 0.000000 
 1.680000 0.000000 
 1.682500 0.000000 
 1.685000 0.000000 
 1.687500 0.000000 
 1.690000 0.000000 
 1.692500 0.000000 
 1.695000 0.000000 
 1.697500 0.000000 
 1.700000 0.000000 
 1.702500 0.000000 
 1.705000 0.000000 
 1.707500 0.000000 
 1.710000 0.000000 
 1.712500 0.000000 
 1.715000 0.000000 
 1.717500 0.000000 
 1.720000 0.000000 
 1.722500 0.000000 
 1.725000 0.000000 
 1.727500 0.000000 
 1.730000 0.000000 
 1.732500 0.000000 
 1.735000 0.000000 
 1.737500 0.000000 
 1.740000 0.000000 
 1.742500 0.000000 
 1.745000 0.000000 
 1.747500 0.000000 
 1.750000 0.000000 
 1.752500 0.000000 
 1.755000 0.000000 
 1.757500 0.000000 
 1.760000 0.000000 
 1.762500 0.000000 
 1.765000 0.000000 
 1.767500 0.000000 
 1.770000 0.000000 
 1.772500 0.000000 
 1.775000 0.000000 
 1.777500 0.000000 
 1.780000 0.000000 
 1.782500 0.000000 
 1.785000 0.000000 
 1.787500 0.000000 
 1.790000 0.000000 
 1.792500 0.000000 
 1.795000 0.000000 
 1.797500 0.000000 
 1.800000 0.000000 
 1.802500 0.000000 
 1.805000 0.000000 
 1.807500 0.000000 
 1.810000 0.000000 
 1.812500 0.000000 
 1.815000 0.000000 
 1.817500 0.000000 
 1.820000 0.000000 
 1.822500 0.000000 
 1.825000 0.000000 
 1.827500 0.000000 
 1.830000 0.000000 
 1.832500 0.000000 
 1.835000 0.000000 
 1.837500 0.000000 
 1.840000 0.000000 
 1.842500 0.000000 
 1.845000 0.000000 
 1.847500 0.000000 
 1.850000 0.000000 
 1.852500 0.000000 
 1.855000 0.000000 
 1.857500 0.000000 
 1.860000 0.000000 
 1.862500 0.000000 
 1.865000 0.000000 
 1.867500 0.000000 
 1.870000 0.000000 
 1.872500 0.000000 
 1.875000 0.000000 
 1.877500 0.000000 
 1.880000 0.000000 
 1.882500 0.000000 
 1.885000 0.000000 
 1.887500 0.000000 
 1.890000 0.000000 
 1.892500 0.000000 
 1.895000 0.000000 
 1.897500 0.000000 
 1.900000 0.000000 
 1.902500 0.000000 
 1.905000 0.000000 
 1.907500 0.000000 
 1.910000 0.000000 
 1.912500 0.000000 
 1.915000 0.000000 
 1.917500 0.000000 
 1.920000 0.000000 
 1.922500 0.000000 
 1.925000 0.000000 
 1.927500 0.000000 
 1.930000 0.000000 
 1.932500 0.000000 
 1.935000 0.000000 
 1.937500 0.000000 
 1.940000 0.000000 
 1.942500 0.000000 
 1.945000 0.000000 
 1.947500 0.000000 
 1.950000 0.000000 
 1.952500 0.000000 
 1.955000 0.000000 
 1.957500 0.000000 
 1.960000 0.000000 
 1.962500 0.000000 
 1.965000 0.000000 
 1.967500 0.000000 
 1.970000 0.000000 
 1.972500 0.000000 
 1.975000 0.000000 
 1.977500 0.000000 
 1.980000 0.000000 
 1.982500 0.000000 
 1.985000 0.000000 
 1.987500 0.000000 
 1.990000 0.000000 
 1.992500 0.000000 
 1.995000 0.000000 
 1.997500 0.000000 
 2.000000 0.000000 
