#! FIELDS d2 external2.bias der_d2
#! SET min_d2 1
#! SET max_d2 3.5
#! SET nbins_d2  501
#! SET periodic_d2 false
    1.000000000   -0.059321642  -22.180280821
    1.005000000   -0.029133521    0.145562867
    1.010000000   -0.021053981   -3.950539423
    1.015000000    0.004864142   -5.527673813
    1.020000000    0.027480502   -3.168250965
    1.025000000    0.036067055   -0.447668985
    1.030000000    0.034817309    0.630216144
    1.035000000    0.032462613    0.119973795
    1.040000000    0.034583463   -0.973645821
    1.045000000    0.041538901   -1.689863759
    1.050000000    0.050065649   -1.574664047
    1.055000000    0.056004272   -0.701534819
    1.060000000    0.056472233    0.534779558
    1.065000000    0.050834542    1.668569156
    1.070000000    0.040551029    2.350869243
    1.075000000    0.028329989    2.437686424
    1.080000000    0.017076385    1.987996001
    1.085000000    0.009012246    1.202874032
    1.090000000    0.005173863    0.341223019
    1.095000000    0.005326551   -0.359020286
    1.100000000    0.008219956   -0.736300567
    1.105000000    0.012045765   -0.730676893
    1.110000000    0.014948759   -0.380809161
    1.115000000    0.015466898    0.199904912
    1.120000000    0.012819985    0.858384053
    1.125000000    0.007014923    1.438734858
    1.130000000   -0.001221920    1.813517630
    1.135000000   -0.010644332    1.904739086
    1.140000000   -0.019760805    1.692752675
    1.145000000   -0.027124243    1.213690789
    1.150000000   -0.031584850    0.547811256
    1.155000000   -0.032468942   -0.197879402
    1.160000000   -0.029664126   -0.909112164
    1.165000000   -0.023608734   -1.482674324
    1.170000000   -0.015198055   -1.841023429
    1.175000000   -0.005630279   -1.941607806
    1.180000000    0.003779477   -1.780290506
    1.185000000    0.011787947   -1.389158812
    1.190000000    0.017389425   -0.829694243
    1.195000000    0.019938628   -0.182730093
    1.200000000    0.019218717    0.463174171
    1.205000000    0.015450586    1.023337808
    1.210000000    0.009247158    1.427148773
    1.215000000    0.001522548    1.625782976
    1.220000000   -0.006629761    1.596805120
    1.225000000   -0.014073387    1.345425838
    1.230000000   -0.019763721    0.902579459
    1.235000000   -0.022865993    0.320308170
    1.240000000   -0.022844978   -0.334830999
    1.245000000   -0.019518553   -0.989490094
    1.250000000   -0.013071631   -1.571508257
    1.255000000   -0.004031304   -2.017325430
    1.260000000    0.006792213   -2.278143319
    1.265000000    0.018391195   -2.324325703
    1.270000000    0.029662968   -2.147738448
    1.275000000    0.039518785   -1.761943780
    1.280000000    0.046988517   -1.200363954
    1.285000000    0.051311648   -0.512700750
    1.290000000    0.052006860    0.239972076
    1.295000000    0.048914788    0.990942556
    1.300000000    0.042211163    1.673885013
    1.305000000    0.032390197    2.228651842
    1.310000000    0.020220595    2.606362377
    1.315000000    0.006678692    2.773404820
    1.320000000   -0.007135101    2.714076739
    1.325000000   -0.020089303    2.431711968
    1.330000000   -0.031116147    1.948266646
    1.335000000   -0.039300595    1.302455267
    1.340000000   -0.043956810    0.546630917
    1.345000000   -0.044686436   -0.257313738
    1.350000000   -0.041414632   -1.042690778
    1.355000000   -0.034401527   -1.743042428
    1.360000000   -0.024228607   -2.297080045
    1.365000000   -0.011761358   -2.653191199
    1.370000000    0.001908913   -2.773213375
    1.375000000    0.015539771   -2.635234321
    1.380000000    0.027823558   -2.235252993
    1.385000000    0.037478558   -1.587615801
    1.390000000    0.043339252   -0.724224873
    1.395000000    0.044439697    0.307406677
    1.400000000    0.040084572    1.447107729
    1.405000000    0.029903365    2.625807864
    1.410000000    0.013884247    3.769856385
    1.415000000   -0.007614481    4.805629781
    1.420000000   -0.033876120    5.664146382
    1.425000000   -0.063859813    6.285414223
    1.430000000   -0.096255336    6.622260770
    1.435000000   -0.129555277    6.643429026
    1.440000000   -0.162140504    6.335771011
    1.445000000   -0.192374088    5.705423622
    1.450000000   -0.218698434    4.777910080
    1.455000000   -0.239730224    3.597169392
    1.460000000   -0.254347944    2.223573166
    1.465000000   -0.261767175    0.731041063
    1.470000000   -0.261599536   -0.796589473
    1.475000000   -0.253891998   -2.269748502
    1.480000000   -0.239144324   -3.597658959
    1.485000000   -0.218303511   -4.692974291
    1.490000000   -0.192735242   -5.476299339
    1.495000000   -0.164173481   -5.880375309
    1.500000000   -0.134650405   -5.853729771
    1.505000000   -0.106409785   -5.363621534
    1.510000000   -0.081807697   -4.398146227
    1.515000000   -0.063204999   -2.967409560
    1.520000000   -0.052856386   -1.103719398
    1.525000000   -0.052800964    1.139207151
    1.530000000   -0.064759158    3.687981499
    1.535000000   -0.090040527    6.452145201
    1.540000000   -0.129466504    9.327518340
    1.545000000   -0.183311439   12.200147596
    1.550000000   -0.251264536   14.950684121
    1.555000000   -0.332414372   17.459006464
    1.560000000   -0.425256743   19.608897104
    1.565000000   -0.527725628   21.292582675
    1.570000000   -0.637246136   22.414957267
    1.575000000   -0.750807432   22.897324674
    1.580000000   -0.865052870   22.680518070
    1.585000000   -0.976383922   21.727283276
    1.590000000   -1.081074011   20.023843172
    1.595000000   -1.175388001   17.580594532
    1.600000000   -1.255702972   14.431923159
    1.605000000   -1.318625899   10.635157362
    1.610000000   -1.361104048    6.268712069
    1.615000000   -1.380524231    1.429505232
    1.620000000   -1.374797545   -3.770246580
    1.625000000   -1.342426798   -9.206726027
    1.630000000   -1.282554504  -14.748563906
    1.635000000   -1.194990072  -20.261087534
    1.640000000   -1.080215580  -25.610613713
    1.645000000   -0.939370286  -30.668633935
    1.650000000   -0.774214791  -35.315747532
    1.655000000   -0.587076437  -39.445211511
    1.660000000   -0.380778161  -42.965993244
    1.665000000   -0.158553522  -45.805233088
    1.670000000    0.076048952  -47.910047589
    1.675000000    0.319268702  -49.248629223
    1.680000000    0.567239756  -49.810624587
    1.685000000    0.816097458  -49.606798737
    1.690000000    1.062081790  -48.668017950
    1.695000000    1.301634013  -47.043605851
    1.700000000    1.531483680  -44.799147770
    1.705000000    1.748723475  -42.013834814
    1.710000000    1.950869837  -38.777452063
    1.715000000    2.135907867  -35.187124070
    1.720000000    2.302319612  -31.343935502
    1.725000000    2.449095371  -27.349545102
    1.730000000    2.575728307  -23.302907521
    1.735000000    2.682193155  -19.297210052
    1.740000000    2.768910361  -15.417120497
    1.745000000    2.836697403  -11.736428591
    1.750000000    2.886709455   -8.316147374
    1.755000000    2.920371810   -5.203123137
    1.760000000    2.939306683   -2.429183779
    1.765000000    2.945257142   -0.010836279
    1.770000000    2.940010872    2.050494824
    1.775000000    2.925326444    3.767714013
    1.780000000    2.902864545    5.166828881
    1.785000000    2.874126409    6.285308671
    1.790000000    2.840401348    7.170096269
    1.795000000    2.802724932    7.875352031
    1.800000000    2.761848941    8.460014300
    1.805000000    2.718223791    8.985264943
    1.810000000    2.671993682    9.511988652
    1.815000000    2.623004289   10.098312303
    1.820000000    2.570822379   10.797305392
    1.825000000    2.514766378   11.654914919
    1.830000000    2.453946532   12.708198211
    1.835000000    2.387313057   13.983905586
    1.840000000    2.313710411   15.497451883
    1.845000000    2.231935687   17.252302109
    1.850000000    2.140799009   19.239782297
    1.855000000    2.039183819   21.439312645
    1.860000000    1.926104972   23.819046426
    1.865000000    1.800762683   26.336885581
    1.870000000    1.662590532   28.941832599
    1.875000000    1.511295974   31.575628600
    1.880000000    1.346892066   34.174619706
    1.885000000    1.169719413   36.671788048
    1.890000000    0.980457698   38.998880099
    1.895000000    0.780126462   41.088563659
    1.900000000    0.570075179   42.876545564
    1.905000000    0.351962962   44.303585048
    1.910000000    0.127728608   45.317342461
    1.915000000   -0.100448093   45.874009539
    1.920000000   -0.330192541   45.939675375
    1.925000000   -0.558987612   45.491391350
    1.930000000   -0.784230449   44.517908300
    1.935000000   -1.003292092   43.020069646
    1.940000000   -1.213578192   41.010854961
    1.945000000   -1.412589082   38.515078965
    1.950000000   -1.597977506   35.568761058
    1.955000000   -1.767602432   32.218189857
    1.960000000   -1.919577475   28.518715555
    1.965000000   -2.052312701   24.533310062
    1.970000000   -2.164548734   20.330940662
    1.975000000   -2.255382368   15.984807103
    1.980000000   -2.324283145   11.570494741
    1.985000000   -2.371100583    7.164097308
    1.990000000   -2.396062064    2.840362365
    1.995000000   -2.399761611   -1.329089677
    2.000000000   -2.383140044   -5.277425540
    2.005000000   -2.347457222   -8.944095501
    2.010000000   -2.294257298  -12.276129499
    2.015000000   -2.225328055  -15.229202961
    2.020000000   -2.142655537  -17.768449795
    2.025000000   -2.048375278  -19.869007763
    2.030000000   -1.944721492  -21.516289495
    2.035000000   -1.833975592  -22.705980266
    2.040000000   -1.718415384  -23.443771329
    2.045000000   -1.600266229  -23.744844685
    2.050000000   -1.481655350  -23.633131598
    2.055000000   -1.364570362  -23.140372751
    2.060000000   -1.250822929  -22.305012479
    2.065000000   -1.142018283  -21.170963042
    2.070000000   -1.039531179  -19.786277231
    2.075000000   -0.944488625  -18.201768757
    2.080000000   -0.857759559  -16.469619901
    2.085000000   -0.779951446  -14.642014749
    2.090000000   -0.711413563  -12.769834182
    2.095000000   -0.652246584  -10.901445656
    2.100000000   -0.602317921   -9.081616850
    2.105000000   -0.561282136   -7.350577633
    2.110000000   -0.528605630   -5.743249639
    2.115000000   -0.503594730   -4.288657241
    2.120000000   -0.485426256   -3.009528006
    2.125000000   -0.473179609   -1.922085029
    2.130000000   -0.465869408   -1.036028009
    2.135000000   -0.462477786   -0.354694668
    2.140000000   -0.461985439    0.124610619
    2.145000000   -0.463400654    0.410138364
    2.150000000   -0.465785621    0.515086552
    2.155000000   -0.468279417    0.456887957
    2.160000000   -0.470117237    0.256417827
    2.165000000   -0.470645501   -0.062851260
    2.170000000   -0.469332677   -0.475720264
    2.175000000   -0.465775724   -0.956133646
    2.180000000   -0.459702257   -1.478023062
    2.185000000   -0.450968596   -2.016101362
    2.190000000   -0.439554019   -2.546586033
    2.195000000   -0.425551612   -3.047834270
    2.200000000   -0.409156194   -3.500875348
    2.205000000   -0.390649859   -3.889829686
    2.210000000   -0.370385723   -4.202207899
    2.215000000   -0.348770481   -4.429087079
    2.220000000   -0.326246386   -4.565165362
    2.225000000   -0.303273256   -4.608699509
    2.230000000   -0.280311065   -4.561333566
    2.235000000   -0.257803638   -4.427829628
    2.240000000   -0.236163918   -4.215714210
    2.245000000   -0.215761172   -3.934855735
    2.250000000   -0.196910448   -3.596990012
    2.255000000   -0.179864506   -3.215211452
    2.260000000   -0.164808326   -2.803447988
    2.265000000   -0.151856260   -2.375937350
    2.270000000   -0.141051757   -1.946721493
    2.275000000   -0.132369536   -1.529174614
    2.280000000   -0.125720011   -1.135578430
    2.285000000   -0.120955697   -0.776756258
    2.290000000   -0.117879270   -0.461775015
    2.295000000   -0.116252948   -0.197721678
    2.300000000   -0.115808782    0.010441970
    2.305000000   -0.116259479    0.159945174
    2.310000000   -0.117309363    0.250196160
    2.315000000   -0.118665081    0.282696163
    2.320000000   -0.120045711    0.260885822
    2.325000000   -0.121191952    0.189932114
    2.330000000   -0.121874113    0.076465679
    2.335000000   -0.121898696   -0.071720419
    2.340000000   -0.121113395   -0.245998587
    2.345000000   -0.119410415   -0.437248988
    2.350000000   -0.116728074   -0.636203913
    2.355000000   -0.113050698   -0.833782396
    2.360000000   -0.108406889   -1.021404011
    2.365000000   -0.102866305   -1.191271904
    2.370000000   -0.096535110   -1.336616570
    2.375000000   -0.089550328   -1.451893515
    2.380000000   -0.082073325   -1.532929773
    2.385000000   -0.074282697   -1.577016178
    2.390000000   -0.066366843   -1.582944272
    2.395000000   -0.058516473   -1.550988638
    2.400000000   -0.050917355   -1.482837330
    2.405000000   -0.043743515   -1.381474728
    2.410000000   -0.037151143   -1.251022674
    2.415000000   -0.031273368   -1.096546946
    2.420000000   -0.026216090   -0.923837135
    2.425000000   -0.022054942   -0.739168607
    2.430000000   -0.018833478   -0.549055590
    2.435000000   -0.016562602   -0.360004433
    2.440000000   -0.015221203   -0.178275799
    2.445000000   -0.014757946   -0.009663944
    2.450000000   -0.015094104    0.140699608
    2.455000000   -0.016127303    0.268511763
    2.460000000   -0.017736003    0.370427984
    2.465000000   -0.019784536    0.444153309
    2.470000000   -0.022128497    0.488492190
    2.475000000   -0.024620274    0.503356639
    2.480000000   -0.027114528    0.489733642
    2.485000000   -0.029473400    0.449614250
    2.490000000   -0.031571283    0.385888038
    2.495000000   -0.033298990    0.302207783
    2.500000000   -0.034567175    0.202830141
    2.505000000   -0.035308922    0.092438805
    2.510000000   -0.035481410   -0.024042883
    2.515000000   -0.035066637   -0.141642728
    2.520000000   -0.034071193   -0.255526792
    2.525000000   -0.032525120   -0.361176021
    2.530000000   -0.030479932   -0.454546170
    2.535000000   -0.028005884   -0.532205553
    2.540000000   -0.025188620   -0.591446092
    2.545000000   -0.022125341   -0.630364217
    2.550000000   -0.018920648   -0.647909388
    2.555000000   -0.015682220   -0.643899205
    2.560000000   -0.012516513   -0.619001386
    2.565000000   -0.009524613   -0.574684064
    2.570000000   -0.006798423   -0.513137048
    2.575000000   -0.004417307   -0.437167657
    2.580000000   -0.002445304   -0.350075676
    2.585000000   -0.000929013   -0.255512615
    2.590000000    0.000103789   -0.157330960
    2.595000000    0.000644769   -0.059429374
    2.600000000    0.000704884    0.034400188
    2.605000000    0.000313476    0.120617640
    2.610000000   -0.000483318    0.196066817
    2.615000000   -0.001624782    0.258089627
    2.620000000   -0.003038354    0.304618273
    2.625000000   -0.004642752    0.334242442
    2.630000000   -0.006351377    0.346249354
    2.635000000   -0.008075839    0.340635648
    2.640000000   -0.009729479    0.318091196
    2.645000000   -0.011230734    0.279955995
    2.650000000   -0.012506231    0.228152337
    2.655000000   -0.013493480    0.165095355
    2.660000000   -0.014143082    0.093585863
    2.665000000   -0.014420354    0.016690012
    2.670000000   -0.014306343   -0.062389236
    2.675000000   -0.013798177   -0.140443595
    2.680000000   -0.012908769   -0.214388628
    2.685000000   -0.011665890   -0.281385486
    2.690000000   -0.010110659   -0.338950471
    2.695000000   -0.008295527   -0.385048228
    2.700000000   -0.006281844   -0.418165066
    2.705000000   -0.004137113   -0.437359760
    2.710000000   -0.001932054   -0.442290105
    2.715000000    0.000262412   -0.433214511
    2.720000000    0.002378112   -0.410968920
    2.725000000    0.004352404   -0.376920337
    2.730000000    0.006130673   -0.332899197
    2.735000000    0.007668440   -0.281113625
    2.740000000    0.008933002   -0.224049356
    2.745000000    0.009904555   -0.164359637
    2.750000000    0.010576735   -0.104749793
    2.755000000    0.010956598   -0.047861317
    2.760000000    0.011064010    0.003839665
    2.765000000    0.010930515    0.048164961
    2.770000000    0.010597712    0.083293684
    2.775000000    0.010115235    0.107844836
    2.780000000    0.009538403    0.120930196
    2.785000000    0.008925679    0.122185498
    2.790000000    0.008336014    0.111778769
    2.795000000    0.007826212    0.090395713
    2.800000000    0.007448430    0.059202966
    2.805000000    0.007247901    0.019791012
    2.810000000    0.007261000   -0.025900624
    2.815000000    0.007513716   -0.075672516
    2.820000000    0.008020596   -0.127164847
    2.825000000    0.008784205   -0.177962897
    2.830000000    0.009795121   -0.225703864
    2.835000000    0.011032455   -0.268180375
    2.840000000    0.012464871   -0.303436166
    2.845000000    0.014052057   -0.329849817
    2.850000000    0.015746577   -0.346202934
    2.855000000    0.017496016   -0.351729884
    2.860000000    0.019245332   -0.346147017
    2.865000000    0.020939287   -0.329660209
    2.870000000    0.022524871   -0.302950531
    2.875000000    0.023953600   -0.267138824
    2.880000000    0.025183582   -0.223730881
    2.885000000    0.026181268   -0.174545814
    2.890000000    0.026922816   -0.121630907
    2.895000000    0.027394993   -0.067166859
    2.900000000    0.027595597   -0.013367733
    2.905000000    0.027533366    0.037619862
    2.910000000    0.027227402    0.083813796
    2.915000000    0.026706117    0.123485320
    2.920000000    0.026005772    0.155235866
    2.925000000    0.025168663    0.178058382
    2.930000000    0.024241047    0.191380550
    2.935000000    0.023270907    0.195088072
    2.940000000    0.022305639    0.189527175
    2.945000000    0.021389791    0.175486425
    2.950000000    0.020562939    0.154158916
    2.955000000    0.019857792    0.127086794
    2.960000000    0.019298621    0.096090896
    2.965000000    0.018900066    0.063188938
    2.970000000    0.018666367    0.030506209
    2.975000000    0.018591067    0.000182997
    2.980000000    0.018657156   -0.025716891
    2.985000000    0.018837681   -0.045292291
    2.990000000    0.019096752   -0.056881629
    2.995000000    0.019390905   -0.059127265
    3.000000000    0.019670756   -0.051024515
    3.005000000    0.019882848   -0.031953460
    3.010000000    0.019971619   -0.001692543
    3.015000000    0.019881389    0.039586141
    3.020000000    0.019558282    0.091338968
    3.025000000    0.018951989    0.152688624
    3.030000000    0.018017322    0.222475149
    3.035000000    0.016715470    0.299317069
    3.040000000    0.015014946    0.381679061
    3.045000000    0.012892177    0.467942325
    3.050000000    0.010331745    0.556473825
    3.055000000    0.007326302    0.645690733
    3.060000000    0.003876165    0.734116770
    3.065000000   -0.000011330    0.820427741
    3.070000000   -0.004322677    0.903484212
    3.075000000   -0.009039176    0.982350130
    3.080000000   -0.014137969    1.056297046
    3.085000000   -0.019593055    1.124794457
    3.090000000   -0.025376232    1.187487665
    3.095000000   -0.031457899    1.244165240
    3.100000000   -0.037807674    1.294718835
    3.105000000   -0.044394797    1.339098505
    3.110000000   -0.051188309    1.377266948
    3.115000000   -0.058157005    1.409156124
    3.120000000   -0.065269183    1.434629516
    3.125000000   -0.072492223    1.453452932
    3.130000000   -0.079792052    1.465276192
    3.135000000   -0.087132538    1.469627315
    3.140000000   -0.094474900    1.465919999
    3.145000000   -0.101777178    1.453474314
    3.150000000   -0.108993846    1.431549549
    3.155000000   -0.116075609    1.399387319
    3.160000000   -0.122969442    1.356262144
    3.165000000   -0.129618888    1.301536040
    3.170000000   -0.135964630    1.234713048
    3.175000000   -0.141945337    1.155489265
    3.180000000   -0.147498722    1.063793767
    3.185000000   -0.152562789    0.959815885
    3.190000000   -0.157077161    0.844014646
    3.195000000   -0.160984412    0.717106829
    3.200000000   -0.164231274    0.580031048
    3.205000000   -0.166769604    0.433886570
    3.210000000   -0.168556983    0.279847153
    3.215000000   -0.169556825    0.119052226
    3.220000000   -0.169737893   -0.047520111
    3.225000000   -0.169073150   -0.219191202
    3.230000000   -0.167537914   -0.395721420
    3.235000000   -0.165107328   -0.577438901
    3.240000000   -0.161753256   -0.765342701
    3.245000000   -0.157440747   -0.961163694
    3.250000000   -0.152124354   -1.167365416
    3.255000000   -0.145744621   -1.387067093
    3.260000000   -0.138225189   -1.623872797
    3.265000000   -0.129471024   -1.881594312
    3.270000000   -0.119368300   -2.163861290
    3.275000000   -0.107786519   -2.473620867
    3.280000000   -0.094583384   -2.812539987
    3.285000000   -0.079612842   -3.180337174
    3.290000000   -0.062736575   -3.574085539
    3.295000000   -0.043838919   -3.987544602
    3.300000000   -0.022844908   -4.410593314
    3.305000000    0.000259270   -4.828848646
    3.310000000    0.025404571   -5.223560842
    3.315000000    0.052417741   -5.571875284
    3.320000000    0.081002365   -5.847539375
    3.325000000    0.110724673   -6.022108549
    3.330000000    0.141006673   -6.066667180
    3.335000000    0.171129110   -5.954027524
    3.340000000    0.200246416   -5.661304879
    3.345000000    0.227415131   -5.172693903
    3.350000000    0.251636197   -4.482196698
    3.355000000    0.271910137   -3.595987662
    3.360000000    0.287302395   -2.534055981
    3.365000000    0.297014325   -1.330758279
    3.370000000    0.300453514   -0.033956062
    3.375000000    0.297295770    1.297482454
    3.380000000    0.287530384    2.597861867
    3.385000000    0.271480650    3.800324282
    3.390000000    0.249793294    4.843510250
    3.395000000    0.223393712    5.678417376
    3.400000000    0.193408608    6.274385618
    3.405000000    0.161063445    6.622976808
    3.410000000    0.127568295    6.738552845
    3.415000000    0.094010980    6.654680835
    3.420000000    0.061279214    6.416170708
    3.425000000    0.030031980    6.067592421
    3.430000000    0.000732890    5.640435713
    3.435000000   -0.026255906    5.142423376
    3.440000000   -0.050540964    4.553427717
    3.445000000   -0.071570113    3.832310787
    3.450000000   -0.088572083    2.936989738
    3.455000000   -0.100625912    1.855332477
    3.460000000   -0.106892888    0.636828419
    3.465000000   -0.106969990   -0.594515771
    3.470000000   -0.101205703   -1.672731196
    3.475000000   -0.090690630   -2.489222209
    3.480000000   -0.076604681   -3.141771515
    3.485000000   -0.058922061   -4.006102331
    3.490000000   -0.035656409   -5.353692275
    3.495000000   -0.006828325   -5.637224963
    3.500000000    0.006150802    3.376057927
