#! FIELDS nm targetdist der_nm
#! SET min_nm -0.5
#! SET max_nm 0.5
#! SET nbins_nm  501
#! SET periodic_nm false
 -0.500000 0.000000 0.000000
 -0.498000 0.000000 0.000000
 -0.496000 0.000000 0.000000
 -0.494000 0.000000 0.000000
 -0.492000 0.000000 0.000000
 -0.490000 0.000000 0.000000
 -0.488000 0.000000 0.000000
 -0.486000 0.000000 0.000000
 -0.484000 0.000000 0.000000
 -0.482000 0.000000 0.000000
 -0.480000 0.000000 0.000000
 -0.478000 0.000000 0.000000
 -0.476000 0.000000 0.000000
 -0.474000 0.000000 0.000000
 -0.472000 0.000000 0.000000
 -0.470000 0.000000 0.000000
 -0.468000 0.000000 0.000000
 -0.466000 0.000000 0.000000
 -0.464000 0.000000 0.000000
 -0.462000 0.000000 0.000000
 -0.460000 0.000000 0.000000
 -0.458000 0.000000 0.000000
 -0.456000 0.000000 0.000000
 -0.454000 0.000000 0.000000
 -0.452000 0.000000 0.000000
 -0.450000 0.000000 0.000000
 -0.448000 0.000000 0.000000
 -0.446000 0.000000 0.000000
 -0.444000 0.000000 0.000000
 -0.442000 0.000000 0.000000
 -0.440000 0.000000 0.000000
 -0.438000 0.000000 0.000000
 -0.436000 0.000000 0.000000
 -0.434000 0.000000 0.000000
 -0.432000 0.000000 0.000000
 -0.430000 0.000000 0.000000
 -0.428000 0.000000 0.000000
 -0.426000 0.000000 0.000000
 -0.424000 0.000000 0.000000
 -0.422000 0.000000 0.000000
 -0.420000 0.000000 0.000000
 -0.418000 0.000000 0.000000
 -0.416000 0.000000 0.000000
 -0.414000 0.000000 0.000000
 -0.412000 0.000000 0.000000
 -0.410000 0.000000 0.000000
 -0.408000 0.000000 0.000000
 -0.406000 0.000000 0.000000
 -0.404000 0.000000 0.000000
 -0.402000 0.000000 0.000000
 -0.400000 0.000000 0.000000
 -0.398000 0.000000 0.000000
 -0.396000 0.000000 0.000000
 -0.394000 0.000000 0.000000
 -0.392000 0.000000 0.000000
 -0.390000 0.000000 0.000000
 -0.388000 0.000000 0.000000
 -0.386000 0.000000 0.000000
 -0.384000 0.000000 0.000000
 -0.382000 0.000000 0.000000
 -0.380000 0.000000 0.000000
 -0.378000 0.000000 0.000000
 -0.376000 0.000000 0.000000
 -0.374000 0.000000 0.000000
 -0.372000 0.000000 0.000000
 -0.370000 0.000000 0.000000
 -0.368000 0.000000 0.000000
 -0.366000 0.000000 0.000000
 -0.364000 0.000000 0.000000
 -0.362000 0.000000 0.000000
 -0.360000 0.000000 0.000000
 -0.358000 0.000000 0.000000
 -0.356000 0.000000 0.000000
 -0.354000 0.000000 0.000000
 -0.352000 0.000000 0.000000
 -0.350000 0.000000 0.000000
 -0.348000 0.000000 0.000000
 -0.346000 0.000000 0.000000
 -0.344000 0.000000 0.000000
 -0.342000 0.000000 0.000000
 -0.340000 0.000000 0.000000
 -0.338000 0.000000 0.000000
 -0.336000 0.000000 0.000000
 -0.334000 0.000000 0.000000
 -0.332000 0.000000 0.000000
 -0.330000 0.000000 0.000000
 -0.328000 0.000000 0.000000
 -0.326000 0.000000 0.000000
 -0.324000 0.000000 0.000000
 -0.322000 0.000000 0.000000
 -0.320000 0.000000 0.000000
 -0.318000 0.000000 0.000000
 -0.316000 0.000000 0.000000
 -0.314000 0.000000 0.000000
 -0.312000 0.000000 0.000000
 -0.310000 0.000000 0.000000
 -0.308000 0.000000 0.000000
 -0.306000 0.000000 0.000000
 -0.304000 0.000000 0.000000
 -0.302000 0.000000 0.000000
 -0.300000 0.000000 0.000000
 -0.298000 0.000000 0.000000
 -0.296000 0.000000 0.000000
 -0.294000 0.000000 0.000000
 -0.292000 0.000000 0.000000
 -0.290000 0.000000 0.000029
 -0.288000 0.000000 0.000130
 -0.286000 0.000001 0.000250
 -0.284000 0.000002 0.000532
 -0.282000 0.000003 0.001075
 -0.280000 0.000006 0.001874
 -0.278000 0.000012 0.003261
 -0.276000 0.000021 0.005542
 -0.274000 0.000035 0.008822
 -0.272000 0.000058 0.013630
 -0.270000 0.000092 0.020437
 -0.268000 0.000142 0.029466
 -0.266000 0.000213 0.041268
 -0.264000 0.000310 0.055931
 -0.262000 0.000440 0.074083
 -0.260000 0.000610 0.095275
 -0.258000 0.000825 0.119939
 -0.256000 0.001094 0.148011
 -0.254000 0.001422 0.178920
 -0.252000 0.001815 0.212354
 -0.250000 0.002276 0.247966
 -0.248000 0.002811 0.285277
 -0.246000 0.003422 0.323849
 -0.244000 0.004112 0.364091
 -0.242000 0.004884 0.405766
 -0.240000 0.005743 0.450535
 -0.238000 0.006694 0.498660
 -0.236000 0.007747 0.552245
 -0.234000 0.008914 0.612546
 -0.232000 0.010210 0.680909
 -0.230000 0.011652 0.757786
 -0.228000 0.013255 0.842642
 -0.226000 0.015036 0.934144
 -0.224000 0.017004 1.030391
 -0.222000 0.019170 1.129623
 -0.220000 0.021535 1.229844
 -0.218000 0.024102 1.329896
 -0.216000 0.026868 1.429589
 -0.214000 0.029834 1.529467
 -0.212000 0.033003 1.631236
 -0.210000 0.036381 1.737386
 -0.208000 0.039979 1.850456
 -0.206000 0.043811 1.972117
 -0.204000 0.047897 2.104788
 -0.202000 0.052262 2.251585
 -0.200000 0.056943 2.416049
 -0.198000 0.061970 2.599975
 -0.196000 0.067387 2.807505
 -0.194000 0.073248 3.042726
 -0.192000 0.079613 3.309286
 -0.190000 0.086543 3.608640
 -0.188000 0.094109 3.942542
 -0.186000 0.102375 4.306483
 -0.184000 0.111398 4.697540
 -0.182000 0.121228 5.109494
 -0.180000 0.131893 5.532639
 -0.178000 0.143414 5.960148
 -0.176000 0.155794 6.387996
 -0.174000 0.169031 6.814144
 -0.172000 0.183127 7.242663
 -0.170000 0.198087 7.680292
 -0.168000 0.213940 8.138340
 -0.166000 0.230742 8.633383
 -0.164000 0.248592 9.181426
 -0.162000 0.267609 9.800540
 -0.160000 0.287947 10.502677
 -0.158000 0.309780 11.295346
 -0.156000 0.333296 12.179551
 -0.154000 0.358665 13.145517
 -0.152000 0.386045 14.178254
 -0.150000 0.415543 15.254301
 -0.148000 0.447211 16.345139
 -0.146000 0.481060 17.425677
 -0.144000 0.517046 18.474298
 -0.142000 0.555090 19.480642
 -0.140000 0.595111 20.445867
 -0.138000 0.637041 21.389249
 -0.136000 0.680864 22.339461
 -0.134000 0.726620 23.332138
 -0.132000 0.774448 24.407349
 -0.130000 0.824544 25.597719
 -0.128000 0.877147 26.921395
 -0.126000 0.932529 28.382984
 -0.124000 0.990969 29.966587
 -0.122000 1.052694 31.649653
 -0.120000 1.117849 33.390824
 -0.118000 1.186510 35.145449
 -0.116000 1.258662 36.864872
 -0.114000 1.334169 38.498941
 -0.112000 1.412822 39.998500
 -0.110000 1.494322 41.328077
 -0.108000 1.578265 42.447993
 -0.106000 1.664225 43.337707
 -0.104000 1.751741 43.997566
 -0.102000 1.840360 44.445560
 -0.100000 1.929693 44.720262
 -0.098000 2.019443 44.882977
 -0.096000 2.109478 45.004527
 -0.094000 2.199776 45.159356
 -0.092000 2.290490 45.416382
 -0.090000 2.381859 45.822314
 -0.088000 2.474196 46.396715
 -0.086000 2.567864 47.143535
 -0.084000 2.663176 48.038882
 -0.082000 2.760399 49.055574
 -0.080000 2.859754 50.164855
 -0.078000 2.961398 51.342100
 -0.076000 3.065412 52.551451
 -0.074000 3.171870 53.772145
 -0.072000 3.280760 54.977741
 -0.070000 3.392003 56.125750
 -0.068000 3.505432 57.164381
 -0.066000 3.620771 58.034923
 -0.064000 3.737610 58.671314
 -0.062000 3.855444 59.028300
 -0.060000 3.973670 59.056122
 -0.058000 4.091588 58.738280
 -0.056000 4.208541 58.091514
 -0.054000 4.323881 57.135280
 -0.052000 4.437058 55.932054
 -0.050000 4.547629 54.545652
 -0.048000 4.655263 53.031897
 -0.046000 4.759783 51.443079
 -0.044000 4.861081 49.830907
 -0.042000 4.959156 48.238484
 -0.040000 5.054063 46.682048
 -0.038000 5.145933 45.203907
 -0.036000 5.234901 43.821932
 -0.034000 5.321214 42.541730
 -0.032000 5.405063 41.363597
 -0.030000 5.486608 40.253433
 -0.028000 5.565933 39.149163
 -0.026000 5.642979 37.972413
 -0.024000 5.717493 36.621463
 -0.022000 5.789031 35.009896
 -0.020000 5.857012 33.062575
 -0.018000 5.920685 30.745700
 -0.016000 5.979333 28.051526
 -0.014000 6.032251 25.017552
 -0.012000 6.078782 21.718875
 -0.010000 6.118495 18.217446
 -0.008000 6.151062 14.594053
 -0.006000 6.176292 10.914159
 -0.004000 6.194125 7.229870
 -0.002000 6.204586 3.549315
 0.000000 6.207692 -0.096227
 0.002000 6.203534 -3.700566
 0.004000 6.192190 -7.265471
 0.006000 6.173766 -10.777715
 0.008000 6.148365 -14.206351
 0.010000 6.116211 -17.528663
 0.012000 6.077523 -20.703980
 0.014000 6.032631 -23.708129
 0.016000 5.981914 -26.525826
 0.018000 5.925744 -29.122508
 0.020000 5.864578 -31.517689
 0.022000 5.798810 -33.708063
 0.024000 5.728832 -35.703608
 0.026000 5.655034 -37.536293
 0.028000 5.577715 -39.223543
 0.030000 5.497130 -40.792016
 0.032000 5.413466 -42.276548
 0.034000 5.326893 -43.720584
 0.036000 5.237444 -45.128486
 0.038000 5.145206 -46.532012
 0.040000 5.050158 -47.915614
 0.042000 4.952356 -49.272486
 0.044000 4.851889 -50.583814
 0.046000 4.748861 -51.827175
 0.048000 4.643423 -52.978212
 0.050000 4.535796 -54.026991
 0.052000 4.426191 -54.964580
 0.054000 4.314803 -55.788722
 0.056000 4.201898 -56.507195
 0.058000 4.087695 -57.094297
 0.060000 3.972440 -57.535705
 0.062000 3.856475 -57.799765
 0.064000 3.740194 -57.857874
 0.066000 3.624048 -57.664801
 0.068000 3.508566 -57.203107
 0.070000 3.394288 -56.457800
 0.072000 3.281785 -55.456239
 0.074000 3.171508 -54.242375
 0.076000 3.063809 -52.876591
 0.078000 2.958921 -51.456991
 0.080000 2.856865 -50.070620
 0.082000 2.757503 -48.799960
 0.084000 2.660512 -47.699807
 0.086000 2.565529 -46.813209
 0.088000 2.472120 -46.140695
 0.090000 2.379872 -45.659107
 0.092000 2.288426 -45.320872
 0.094000 2.197577 -45.077301
 0.096000 2.107187 -44.858836
 0.098000 2.017266 -44.612814
 0.100000 1.927917 -44.294636
 0.102000 1.839311 -43.867627
 0.104000 1.751693 -43.313598
 0.106000 1.665342 -42.623631
 0.108000 1.580534 -41.787535
 0.110000 1.497562 -40.796148
 0.112000 1.416736 -39.650613
 0.114000 1.338369 -38.355964
 0.116000 1.262744 -36.923481
 0.118000 1.190106 -35.372559
 0.120000 1.120671 -33.745130
 0.122000 1.054548 -32.077360
 0.124000 0.991765 -30.410415
 0.126000 0.932280 -28.790821
 0.128000 0.875977 -27.258567
 0.130000 0.822651 -25.829294
 0.132000 0.772072 -24.505773
 0.134000 0.724051 -23.297414
 0.136000 0.678354 -22.179193
 0.138000 0.634832 -21.137599
 0.140000 0.593348 -20.144083
 0.142000 0.553832 -19.178010
 0.144000 0.516245 -18.219541
 0.146000 0.480582 -17.255212
 0.148000 0.446876 -16.283153
 0.150000 0.415134 -15.296990
 0.152000 0.385379 -14.307438
 0.154000 0.357609 -13.323577
 0.156000 0.331799 -12.362420
 0.158000 0.307887 -11.438484
 0.160000 0.285781 -10.568199
 0.162000 0.265349 -9.762801
 0.164000 0.246456 -9.036193
 0.166000 0.228940 -8.393923
 0.168000 0.212637 -7.834001
 0.170000 0.197381 -7.346551
 0.172000 0.183040 -6.919699
 0.174000 0.169513 -6.538369
 0.176000 0.156724 -6.184270
 0.178000 0.144631 -5.841077
 0.180000 0.133226 -5.499221
 0.182000 0.122516 -5.154135
 0.184000 0.112507 -4.803166
 0.186000 0.103207 -4.451192
 0.188000 0.094608 -4.103014
 0.190000 0.086696 -3.767864
 0.192000 0.079440 -3.451508
 0.194000 0.072799 -3.159846
 0.196000 0.066719 -2.893575
 0.198000 0.061147 -2.651604
 0.200000 0.056035 -2.433578
 0.202000 0.051341 -2.238851
 0.204000 0.047017 -2.064736
 0.206000 0.043022 -1.908924
 0.208000 0.039322 -1.771892
 0.210000 0.035879 -1.652149
 0.212000 0.032662 -1.548548
 0.214000 0.029640 -1.457692
 0.216000 0.026790 -1.376226
 0.218000 0.024100 -1.300180
 0.220000 0.021564 -1.224504
 0.222000 0.019182 -1.144643
 0.224000 0.016966 -1.059014
 0.226000 0.014929 -0.968224
 0.228000 0.013078 -0.872666
 0.230000 0.011419 -0.777112
 0.232000 0.009949 -0.685124
 0.234000 0.008657 -0.600890
 0.236000 0.007524 -0.527583
 0.238000 0.006528 -0.465615
 0.240000 0.005644 -0.414273
 0.242000 0.004853 -0.371954
 0.244000 0.004141 -0.336966
 0.246000 0.003495 -0.305971
 0.248000 0.002909 -0.276297
 0.250000 0.002382 -0.246827
 0.252000 0.001915 -0.216956
 0.254000 0.001507 -0.186690
 0.256000 0.001161 -0.157079
 0.258000 0.000873 -0.128733
 0.260000 0.000640 -0.102579
 0.262000 0.000457 -0.079410
 0.264000 0.000318 -0.059720
 0.266000 0.000215 -0.043242
 0.268000 0.000141 -0.030390
 0.270000 0.000090 -0.020794
 0.272000 0.000055 -0.013444
 0.274000 0.000032 -0.008403
 0.276000 0.000018 -0.005047
 0.278000 0.000010 -0.002878
 0.280000 0.000005 -0.001528
 0.282000 0.000002 -0.000755
 0.284000 0.000001 -0.000377
 0.286000 0.000000 -0.000156
 0.288000 0.000000 0.000000
 0.290000 0.000000 0.000000
 0.292000 0.000000 0.000000
 0.294000 0.000000 0.000000
 0.296000 0.000000 0.000000
 0.298000 0.000000 0.000000
 0.300000 0.000000 0.000000
 0.302000 0.000000 0.000000
 0.304000 0.000000 0.000000
 0.306000 0.000000 0.000000
 0.308000 0.000000 0.000000
 0.310000 0.000000 0.000000
 0.312000 0.000000 0.000000
 0.314000 0.000000 0.000000
 0.316000 0.000000 0.000000
 0.318000 0.000000 0.000000
 0.320000 0.000000 0.000000
 0.322000 0.000000 0.000000
 0.324000 0.000000 0.000000
 0.326000 0.000000 0.000000
 0.328000 0.000000 0.000000
 0.330000 0.000000 0.000000
 0.332000 0.000000 0.000000
 0.334000 0.000000 0.000000
 0.336000 0.000000 0.000000
 0.338000 0.000000 0.000000
 0.340000 0.000000 0.000000
 0.342000 0.000000 0.000000
 0.344000 0.000000 0.000000
 0.346000 0.000000 0.000000
 0.348000 0.000000 0.000000
 0.350000 0.000000 0.000000
 0.352000 0.000000 0.000000
 0.354000 0.000000 0.000000
 0.356000 0.000000 0.000000
 0.358000 0.000000 0.000000
 0.360000 0.000000 0.000000
 0.362000 0.000000 0.000000
 0.364000 0.000000 0.000000
 0.366000 0.000000 0.000000
 0.368000 0.000000 0.000000
 0.370000 0.000000 0.000000
 0.372000 0.000000 0.000000
 0.374000 0.000000 0.000000
 0.376000 0.000000 0.000000
 0.378000 0.000000 0.000000
 0.380000 0.000000 0.000000
 0.382000 0.000000 0.000000
 0.384000 0.000000 0.000000
 0.386000 0.000000 0.000000
 0.388000 0.000000 0.000000
 0.390000 0.000000 0.000000
 0.392000 0.000000 0.000000
 0.394000 0.000000 0.000000
 0.396000 0.000000 0.000000
 0.398000 0.000000 0.000000
 0.400000 0.000000 0.000000
 0.402000 0.000000 0.000000
 0.404000 0.000000 0.000000
 0.406000 0.000000 0.000000
 0.408000 0.000000 0.000000
 0.410000 0.000000 0.000000
 0.412000 0.000000 0.000000
 0.414000 0.000000 0.000000
 0.416000 0.000000 0.000000
 0.418000 0.000000 0.000000
 0.420000 0.000000 0.000000
 0.422000 0.000000 0.000000
 0.424000 0.000000 0.000000
 0.426000 0.000000 0.000000
 0.428000 0.000000 0.000000
 0.430000 0.000000 0.000000
 0.432000 0.000000 0.000000
 0.434000 0.000000 0.000000
 0.436000 0.000000 0.000000
 0.438000 0.000000 0.000000
 0.440000 0.000000 0.000000
 0.442000 0.000000 0.000000
 0.444000 0.000000 0.000000
 0.446000 0.000000 0.000000
 0.448000 0.000000 0.000000
 0.450000 0.000000 0.000000
 0.452000 0.000000 0.000000
 0.454000 0.000000 0.000000
 0.456000 0.000000 0.000000
 0.458000 0.000000 0.000000
 0.460000 0.000000 0.000000
 0.462000 0.000000 0.000000
 0.464000 0.000000 0.000000
 0.466000 0.000000 0.000000
 0.468000 0.000000 0.000000
 0.470000 0.000000 0.000000
 0.472000 0.000000 0.000000
 0.474000 0.000000 0.000000
 0.476000 0.000000 0.000000
 0.478000 0.000000 0.000000
 0.480000 0.000000 0.000000
 0.482000 0.000000 0.000000
 0.484000 0.000000 0.000000
 0.486000 0.000000 0.000000
 0.488000 0.000000 0.000000
 0.490000 0.000000 0.000000
 0.492000 0.000000 0.000000
 0.494000 0.000000 0.000000
 0.496000 0.000000 0.000000
 0.498000 0.000000 0.000000
 0.500000 0.000000 0.000000
